6229
0 46
1 43
1 44
1 45
1 46
1 104
2 40
2 41
2 42
2 43
2 44
2 45
2 46
2 47
2 104
3 41
3 42
3 43
3 44
3 45
3 46
3 47
3 48
3 104
4 41
4 42
4 43
4 44
4 45
4 46
4 47
4 48
4 49
4 104
5 41
5 42
5 43
5 44
5 45
5 46
5 47
5 48
5 49
5 104
6 41
6 42
6 43
6 44
6 45
6 46
6 47
6 48
6 49
6 50
6 104
7 42
7 43
7 44
7 45
7 46
7 47
7 48
7 49
7 50
7 51
7 104
8 42
8 43
8 44
8 45
8 46
8 47
8 48
8 49
8 50
8 51
8 52
8 104
9 42
9 43
9 44
9 45
9 46
9 47
9 48
9 49
9 50
9 51
9 52
9 53
9 104
10 42
10 43
10 44
10 45
10 46
10 47
10 48
10 49
10 50
10 51
10 52
10 53
10 104
11 43
11 44
11 45
11 46
11 47
11 48
11 49
11 50
11 51
11 52
11 53
11 54
11 104
12 43
12 44
12 45
12 46
12 47
12 48
12 49
12 50
12 51
12 52
12 53
12 54
12 55
12 104
13 43
13 44
13 45
13 46
13 47
13 48
13 49
13 50
13 51
13 52
13 53
13 54
13 55
13 56
13 104
14 43
14 44
14 45
14 46
14 47
14 48
14 49
14 50
14 51
14 52
14 53
14 54
14 55
14 56
14 57
14 104
15 43
15 44
15 45
15 46
15 47
15 48
15 49
15 50
15 51
15 52
15 53
15 54
15 55
15 56
15 57
15 58
15 104
16 43
16 44
16 45
16 46
16 47
16 48
16 49
16 50
16 51
16 52
16 53
16 54
16 55
16 56
16 57
16 58
16 59
16 104
17 43
17 44
17 45
17 46
17 47
17 48
17 49
17 50
17 51
17 52
17 53
17 54
17 55
17 56
17 57
17 58
17 103
17 104
18 43
18 44
18 45
18 46
18 47
18 48
18 49
18 50
18 51
18 52
18 53
18 54
18 55
18 56
18 57
18 103
18 104
19 43
19 44
19 45
19 46
19 47
19 48
19 49
19 50
19 51
19 52
19 53
19 54
19 55
19 56
19 57
19 103
19 104
20 43
20 44
20 45
20 46
20 47
20 48
20 49
20 50
20 51
20 52
20 53
20 54
20 55
20 56
20 102
20 103
20 104
20 105
21 43
21 44
21 45
21 46
21 47
21 48
21 49
21 50
21 51
21 52
21 53
21 54
21 55
21 102
21 103
21 104
22 43
22 44
22 45
22 46
22 47
22 48
22 49
22 50
22 51
22 52
22 53
22 54
22 55
22 102
22 103
22 104
23 43
23 44
23 45
23 46
23 47
23 48
23 49
23 50
23 51
23 52
23 53
23 54
23 101
23 102
23 103
23 104
24 43
24 44
24 45
24 46
24 47
24 48
24 49
24 50
24 51
24 52
24 53
24 54
24 101
24 102
24 103
24 104
25 43
25 44
25 45
25 46
25 47
25 48
25 49
25 101
25 102
25 103
25 104
26 43
26 44
26 45
26 46
26 47
26 48
26 100
26 101
26 102
26 103
27 43
27 44
27 45
27 46
27 47
27 48
27 100
27 101
27 102
27 103
28 43
28 44
28 45
28 46
28 47
28 48
28 100
28 101
28 102
28 103
29 43
29 44
29 45
29 46
29 47
29 48
29 99
29 100
29 101
29 102
29 103
30 43
30 44
30 45
30 46
30 47
30 99
30 100
30 101
30 102
30 103
31 42
31 43
31 44
31 45
31 46
31 47
31 99
31 100
31 101
31 102
32 42
32 43
32 44
32 45
32 46
32 47
32 98
32 99
32 100
32 101
32 102
33 42
33 43
33 44
33 45
33 46
33 47
33 98
33 99
33 100
33 101
33 102
34 41
34 42
34 43
34 44
34 45
34 46
34 47
34 98
34 99
34 100
34 101
34 102
35 41
35 42
35 43
35 44
35 45
35 46
35 97
35 98
35 99
35 100
35 101
35 102
36 41
36 42
36 43
36 44
36 45
36 46
36 97
36 98
36 99
36 100
36 101
36 102
37 40
37 41
37 42
37 43
37 44
37 45
37 46
37 96
37 97
37 98
37 99
37 100
37 101
38 40
38 41
38 42
38 43
38 44
38 45
38 46
38 96
38 97
38 98
38 99
38 100
38 101
39 40
39 41
39 42
39 43
39 44
39 45
39 95
39 96
39 97
39 98
39 99
39 100
40 39
40 40
40 41
40 42
40 43
40 44
40 45
40 94
40 95
40 96
40 97
40 98
40 99
40 100
41 39
41 40
41 41
41 42
41 43
41 44
41 45
41 93
41 94
41 95
41 96
41 97
41 98
41 99
42 39
42 40
42 41
42 42
42 43
42 44
42 45
42 92
42 93
42 94
42 95
42 96
42 97
42 98
42 99
43 38
43 39
43 40
43 41
43 42
43 43
43 44
43 45
43 69
43 91
43 92
43 93
43 94
43 95
43 96
43 97
43 98
44 38
44 39
44 40
44 41
44 42
44 43
44 44
44 45
44 46
44 47
44 48
44 65
44 66
44 67
44 68
44 69
44 91
44 92
44 93
44 94
44 95
44 96
44 97
44 98
45 38
45 39
45 40
45 41
45 42
45 43
45 44
45 45
45 46
45 47
45 48
45 49
45 50
45 51
45 52
45 61
45 62
45 63
45 64
45 65
45 66
45 67
45 68
45 69
45 70
45 90
45 91
45 92
45 93
45 94
45 95
45 96
45 97
46 37
46 38
46 39
46 40
46 41
46 42
46 43
46 44
46 45
46 46
46 47
46 48
46 49
46 50
46 51
46 52
46 53
46 54
46 55
46 56
46 57
46 58
46 59
46 60
46 61
46 62
46 63
46 64
46 65
46 66
46 67
46 68
46 69
46 70
46 89
46 90
46 91
46 92
46 93
46 94
46 95
46 96
46 97
47 37
47 38
47 39
47 40
47 41
47 42
47 43
47 44
47 45
47 46
47 47
47 48
47 49
47 50
47 51
47 52
47 53
47 54
47 55
47 56
47 57
47 58
47 59
47 60
47 61
47 62
47 63
47 64
47 65
47 66
47 67
47 68
47 69
47 70
47 71
47 88
47 89
47 90
47 91
47 92
47 93
47 94
47 95
47 96
48 37
48 38
48 39
48 40
48 41
48 42
48 43
48 44
48 45
48 46
48 47
48 48
48 49
48 50
48 51
48 52
48 53
48 54
48 55
48 56
48 57
48 58
48 59
48 60
48 61
48 62
48 63
48 64
48 65
48 66
48 67
48 68
48 69
48 70
48 71
48 72
48 87
48 88
48 89
48 90
48 91
48 92
48 93
48 94
48 95
48 96
49 36
49 37
49 38
49 39
49 40
49 41
49 42
49 43
49 44
49 45
49 46
49 47
49 48
49 49
49 50
49 51
49 52
49 53
49 54
49 55
49 56
49 57
49 58
49 59
49 60
49 61
49 62
49 63
49 64
49 65
49 66
49 67
49 68
49 69
49 70
49 71
49 72
49 86
49 87
49 88
49 89
49 90
49 91
49 92
49 93
49 94
49 95
50 36
50 37
50 38
50 39
50 40
50 41
50 42
50 43
50 44
50 45
50 46
50 47
50 48
50 49
50 50
50 51
50 52
50 53
50 54
50 55
50 56
50 57
50 58
50 59
50 60
50 61
50 62
50 63
50 64
50 65
50 66
50 67
50 68
50 69
50 70
50 71
50 72
50 73
50 86
50 87
50 88
50 89
50 90
50 91
50 92
50 93
50 94
50 95
51 36
51 37
51 38
51 39
51 40
51 41
51 42
51 43
51 44
51 45
51 46
51 47
51 48
51 49
51 50
51 51
51 52
51 53
51 54
51 55
51 56
51 57
51 58
51 59
51 60
51 61
51 62
51 63
51 64
51 65
51 66
51 67
51 68
51 69
51 70
51 71
51 72
51 73
51 74
51 85
51 86
51 87
51 88
51 89
51 90
51 91
51 92
51 93
51 94
52 35
52 36
52 37
52 38
52 39
52 40
52 41
52 42
52 43
52 44
52 45
52 46
52 47
52 48
52 49
52 50
52 51
52 52
52 53
52 54
52 55
52 56
52 57
52 58
52 59
52 60
52 61
52 62
52 63
52 64
52 65
52 66
52 67
52 68
52 69
52 70
52 71
52 72
52 73
52 74
52 84
52 85
52 86
52 87
52 88
52 89
52 90
52 91
52 92
52 93
52 94
53 33
53 34
53 35
53 36
53 37
53 38
53 39
53 40
53 41
53 42
53 43
53 44
53 45
53 46
53 47
53 48
53 49
53 50
53 51
53 52
53 53
53 54
53 55
53 56
53 57
53 58
53 59
53 60
53 61
53 62
53 63
53 64
53 65
53 66
53 67
53 68
53 69
53 70
53 71
53 72
53 73
53 74
53 75
53 83
53 84
53 85
53 86
53 87
53 88
53 89
53 90
53 91
53 92
53 93
54 31
54 32
54 33
54 34
54 35
54 36
54 37
54 38
54 39
54 40
54 41
54 42
54 43
54 44
54 45
54 46
54 47
54 48
54 49
54 50
54 51
54 52
54 53
54 54
54 55
54 56
54 57
54 58
54 59
54 60
54 61
54 62
54 63
54 64
54 65
54 66
54 67
54 68
54 69
54 70
54 71
54 72
54 73
54 74
54 75
54 82
54 83
54 84
54 85
54 86
54 87
54 88
54 89
54 90
54 91
54 92
54 93
55 29
55 30
55 31
55 32
55 33
55 34
55 35
55 36
55 37
55 38
55 39
55 40
55 41
55 42
55 43
55 44
55 45
55 46
55 47
55 48
55 49
55 50
55 51
55 52
55 53
55 54
55 55
55 56
55 57
55 58
55 59
55 60
55 61
55 62
55 63
55 64
55 65
55 66
55 67
55 68
55 69
55 70
55 71
55 72
55 73
55 74
55 75
55 76
55 81
55 82
55 83
55 84
55 85
55 86
55 87
55 88
55 89
55 90
55 91
55 92
56 27
56 28
56 29
56 30
56 31
56 32
56 33
56 34
56 35
56 36
56 37
56 38
56 39
56 40
56 41
56 42
56 43
56 44
56 45
56 46
56 47
56 48
56 49
56 50
56 51
56 52
56 53
56 54
56 55
56 56
56 57
56 58
56 59
56 60
56 61
56 62
56 63
56 64
56 65
56 66
56 67
56 68
56 69
56 70
56 71
56 72
56 73
56 74
56 75
56 76
56 82
56 83
56 84
56 85
56 86
56 87
56 88
56 89
56 90
56 91
56 92
56 99
57 24
57 25
57 26
57 27
57 28
57 29
57 30
57 31
57 32
57 33
57 34
57 35
57 36
57 37
57 38
57 39
57 40
57 41
57 42
57 43
57 44
57 45
57 46
57 47
57 48
57 49
57 50
57 51
57 52
57 53
57 54
57 55
57 56
57 57
57 58
57 59
57 60
57 61
57 62
57 63
57 64
57 65
57 66
57 67
57 68
57 69
57 70
57 71
57 72
57 73
57 74
57 75
57 76
57 77
57 82
57 83
57 84
57 85
57 86
57 87
57 88
57 89
57 90
57 91
57 99
57 100
58 22
58 23
58 24
58 25
58 26
58 27
58 28
58 29
58 30
58 31
58 32
58 33
58 34
58 35
58 36
58 37
58 38
58 39
58 40
58 41
58 42
58 43
58 44
58 45
58 46
58 47
58 48
58 49
58 50
58 51
58 52
58 53
58 54
58 55
58 56
58 57
58 58
58 59
58 60
58 61
58 62
58 63
58 64
58 65
58 66
58 67
58 68
58 69
58 70
58 71
58 72
58 73
58 74
58 75
58 76
58 77
58 78
58 82
58 83
58 84
58 85
58 86
58 87
58 88
58 89
58 90
58 91
58 99
58 100
58 101
59 20
59 21
59 22
59 23
59 24
59 25
59 26
59 27
59 28
59 29
59 30
59 31
59 32
59 33
59 34
59 35
59 36
59 37
59 38
59 39
59 40
59 41
59 42
59 43
59 44
59 45
59 46
59 47
59 48
59 49
59 50
59 51
59 52
59 53
59 54
59 55
59 56
59 57
59 58
59 59
59 60
59 61
59 62
59 63
59 64
59 65
59 66
59 67
59 68
59 69
59 70
59 71
59 72
59 73
59 74
59 75
59 76
59 77
59 78
59 82
59 83
59 84
59 85
59 86
59 87
59 88
59 89
59 90
59 99
59 100
59 101
59 102
60 18
60 19
60 20
60 21
60 22
60 23
60 24
60 25
60 26
60 27
60 28
60 29
60 30
60 31
60 32
60 33
60 34
60 35
60 36
60 37
60 38
60 39
60 40
60 41
60 42
60 43
60 44
60 45
60 46
60 47
60 48
60 49
60 50
60 51
60 52
60 53
60 54
60 55
60 56
60 57
60 58
60 59
60 60
60 61
60 62
60 63
60 64
60 65
60 66
60 67
60 68
60 69
60 70
60 71
60 72
60 73
60 74
60 75
60 76
60 77
60 78
60 79
60 82
60 83
60 84
60 85
60 86
60 87
60 88
60 89
60 90
60 99
60 100
60 101
60 102
60 103
61 15
61 16
61 17
61 18
61 19
61 20
61 21
61 22
61 23
61 24
61 25
61 26
61 27
61 28
61 29
61 30
61 31
61 32
61 33
61 34
61 35
61 36
61 37
61 38
61 39
61 40
61 41
61 42
61 43
61 44
61 45
61 46
61 47
61 48
61 49
61 50
61 51
61 52
61 53
61 54
61 55
61 56
61 57
61 58
61 59
61 60
61 61
61 62
61 63
61 64
61 65
61 66
61 67
61 68
61 69
61 70
61 71
61 72
61 73
61 74
61 75
61 76
61 77
61 78
61 79
61 82
61 83
61 84
61 85
61 86
61 87
61 88
61 99
61 100
61 101
61 102
61 103
61 104
61 105
62 13
62 14
62 15
62 16
62 17
62 18
62 19
62 20
62 21
62 22
62 23
62 24
62 25
62 26
62 27
62 28
62 29
62 30
62 31
62 32
62 33
62 34
62 35
62 36
62 37
62 38
62 39
62 40
62 41
62 42
62 43
62 44
62 45
62 46
62 47
62 48
62 49
62 50
62 51
62 52
62 53
62 54
62 55
62 56
62 57
62 58
62 59
62 60
62 61
62 62
62 63
62 64
62 65
62 66
62 67
62 68
62 69
62 70
62 71
62 72
62 73
62 74
62 75
62 76
62 77
62 78
62 79
62 80
62 82
62 83
62 84
62 85
62 86
62 87
62 99
62 100
62 101
62 102
62 103
62 104
62 105
62 106
63 11
63 12
63 13
63 14
63 15
63 16
63 17
63 18
63 19
63 20
63 21
63 22
63 23
63 24
63 25
63 26
63 27
63 28
63 29
63 30
63 31
63 32
63 33
63 34
63 35
63 36
63 37
63 38
63 39
63 40
63 41
63 42
63 43
63 44
63 45
63 46
63 47
63 48
63 49
63 50
63 51
63 52
63 53
63 54
63 55
63 56
63 57
63 58
63 59
63 60
63 61
63 62
63 63
63 64
63 65
63 66
63 67
63 68
63 69
63 70
63 71
63 72
63 73
63 74
63 75
63 76
63 77
63 78
63 79
63 80
63 82
63 83
63 84
63 85
63 86
63 99
63 100
63 101
63 102
63 103
63 104
63 105
63 106
63 107
64 9
64 10
64 11
64 12
64 13
64 14
64 15
64 16
64 17
64 18
64 19
64 20
64 21
64 22
64 23
64 24
64 25
64 26
64 27
64 28
64 29
64 30
64 31
64 32
64 33
64 34
64 35
64 36
64 37
64 38
64 39
64 40
64 41
64 42
64 43
64 44
64 45
64 46
64 47
64 48
64 49
64 50
64 51
64 52
64 53
64 54
64 55
64 56
64 57
64 58
64 59
64 60
64 61
64 62
64 63
64 64
64 65
64 66
64 67
64 68
64 69
64 70
64 71
64 72
64 73
64 74
64 75
64 76
64 77
64 78
64 79
64 80
64 81
64 82
64 83
64 84
64 85
64 99
64 100
64 101
64 102
64 103
64 104
64 105
64 106
64 107
64 108
65 6
65 7
65 8
65 9
65 10
65 11
65 12
65 13
65 14
65 15
65 16
65 17
65 18
65 19
65 20
65 21
65 22
65 23
65 24
65 25
65 26
65 27
65 28
65 29
65 30
65 31
65 32
65 33
65 34
65 35
65 36
65 37
65 38
65 39
65 40
65 41
65 42
65 43
65 44
65 45
65 46
65 47
65 48
65 49
65 50
65 51
65 52
65 53
65 54
65 55
65 56
65 57
65 58
65 59
65 60
65 61
65 62
65 63
65 64
65 65
65 66
65 67
65 68
65 69
65 70
65 71
65 72
65 73
65 74
65 75
65 76
65 77
65 78
65 79
65 80
65 81
65 82
65 83
65 84
65 98
65 99
65 100
65 101
65 102
65 103
65 104
65 105
65 106
65 107
65 108
65 109
66 6
66 7
66 8
66 9
66 10
66 11
66 12
66 13
66 14
66 15
66 16
66 17
66 18
66 19
66 20
66 21
66 22
66 23
66 24
66 25
66 26
66 27
66 28
66 29
66 30
66 31
66 32
66 33
66 34
66 35
66 36
66 37
66 38
66 39
66 40
66 41
66 42
66 43
66 44
66 45
66 46
66 47
66 48
66 49
66 50
66 51
66 52
66 53
66 54
66 55
66 56
66 57
66 58
66 59
66 60
66 61
66 62
66 63
66 64
66 65
66 66
66 67
66 68
66 69
66 70
66 71
66 72
66 73
66 74
66 75
66 76
66 77
66 78
66 79
66 80
66 81
66 82
66 83
66 97
66 98
66 99
66 100
66 101
66 102
66 103
66 104
66 105
66 106
66 107
66 108
66 109
66 110
66 111
67 6
67 7
67 8
67 9
67 10
67 11
67 12
67 13
67 14
67 15
67 16
67 17
67 18
67 19
67 20
67 21
67 22
67 23
67 24
67 25
67 26
67 27
67 28
67 29
67 30
67 31
67 32
67 33
67 34
67 35
67 36
67 37
67 38
67 39
67 40
67 41
67 42
67 43
67 44
67 45
67 46
67 47
67 48
67 49
67 50
67 51
67 52
67 53
67 54
67 55
67 56
67 57
67 58
67 59
67 60
67 61
67 62
67 63
67 64
67 65
67 66
67 67
67 68
67 69
67 70
67 71
67 72
67 73
67 74
67 75
67 76
67 77
67 78
67 79
67 80
67 81
67 82
67 96
67 97
67 98
67 99
67 100
67 101
67 102
67 103
67 104
67 105
67 106
67 107
67 108
67 109
67 110
67 111
67 112
68 5
68 6
68 7
68 8
68 9
68 10
68 11
68 12
68 13
68 14
68 15
68 16
68 17
68 18
68 19
68 20
68 21
68 22
68 23
68 24
68 25
68 26
68 27
68 28
68 29
68 30
68 31
68 32
68 33
68 34
68 35
68 36
68 37
68 38
68 39
68 40
68 41
68 42
68 43
68 44
68 45
68 46
68 47
68 48
68 49
68 50
68 51
68 52
68 53
68 54
68 55
68 56
68 57
68 58
68 59
68 60
68 61
68 62
68 63
68 64
68 65
68 66
68 67
68 68
68 69
68 70
68 71
68 72
68 73
68 74
68 75
68 76
68 77
68 78
68 79
68 80
68 81
68 95
68 96
68 97
68 98
68 99
68 100
68 101
68 102
68 103
68 104
68 105
68 106
68 107
68 108
68 109
68 110
68 111
68 112
68 113
69 5
69 6
69 7
69 8
69 9
69 10
69 11
69 12
69 13
69 14
69 15
69 16
69 17
69 18
69 19
69 20
69 21
69 22
69 23
69 24
69 25
69 26
69 27
69 28
69 29
69 30
69 31
69 32
69 33
69 34
69 35
69 36
69 37
69 38
69 39
69 40
69 41
69 42
69 43
69 44
69 45
69 46
69 47
69 48
69 49
69 50
69 51
69 52
69 53
69 54
69 55
69 56
69 57
69 58
69 59
69 60
69 61
69 62
69 63
69 64
69 65
69 66
69 67
69 68
69 69
69 70
69 71
69 72
69 73
69 74
69 75
69 76
69 77
69 78
69 79
69 80
69 94
69 95
69 96
69 97
69 98
69 104
69 105
69 106
69 107
69 108
69 109
69 110
69 111
69 112
69 113
69 114
70 5
70 6
70 7
70 8
70 9
70 10
70 11
70 12
70 13
70 14
70 15
70 16
70 17
70 18
70 19
70 20
70 21
70 22
70 23
70 24
70 25
70 26
70 27
70 28
70 29
70 30
70 31
70 32
70 33
70 34
70 35
70 36
70 37
70 38
70 39
70 40
70 41
70 42
70 43
70 44
70 45
70 46
70 47
70 48
70 49
70 50
70 51
70 52
70 53
70 54
70 55
70 56
70 57
70 58
70 59
70 60
70 61
70 62
70 63
70 64
70 65
70 66
70 67
70 68
70 69
70 70
70 71
70 72
70 73
70 74
70 75
70 76
70 77
70 78
70 79
70 93
70 94
70 95
70 96
70 106
70 107
70 108
70 109
70 110
70 111
70 112
70 113
70 114
70 115
70 116
71 4
71 5
71 6
71 7
71 8
71 9
71 10
71 11
71 12
71 13
71 14
71 15
71 16
71 17
71 18
71 19
71 20
71 21
71 22
71 23
71 24
71 25
71 26
71 27
71 28
71 29
71 30
71 31
71 32
71 33
71 34
71 35
71 36
71 37
71 38
71 39
71 40
71 41
71 42
71 43
71 44
71 45
71 46
71 47
71 48
71 49
71 50
71 51
71 52
71 53
71 54
71 55
71 56
71 57
71 58
71 59
71 60
71 61
71 62
71 63
71 64
71 65
71 66
71 67
71 68
71 69
71 70
71 71
71 72
71 73
71 74
71 75
71 76
71 77
71 78
71 92
71 93
71 108
71 109
71 110
71 111
71 112
71 113
71 114
71 115
72 4
72 5
72 6
72 7
72 8
72 9
72 10
72 11
72 12
72 13
72 14
72 15
72 16
72 17
72 18
72 19
72 20
72 21
72 22
72 23
72 24
72 25
72 26
72 27
72 28
72 29
72 30
72 31
72 32
72 33
72 34
72 35
72 36
72 37
72 38
72 39
72 40
72 41
72 42
72 43
72 44
72 45
72 46
72 47
72 48
72 49
72 50
72 51
72 52
72 53
72 54
72 55
72 56
72 57
72 58
72 59
72 60
72 61
72 62
72 63
72 64
72 65
72 66
72 67
72 68
72 69
72 70
72 71
72 72
72 73
72 74
72 75
72 76
72 77
72 91
72 110
72 111
72 112
72 113
72 114
72 115
73 4
73 5
73 6
73 7
73 8
73 9
73 10
73 11
73 12
73 13
73 14
73 15
73 16
73 17
73 18
73 19
73 20
73 21
73 22
73 23
73 24
73 25
73 26
73 27
73 28
73 29
73 30
73 31
73 32
73 33
73 34
73 35
73 36
73 37
73 38
73 39
73 40
73 41
73 42
73 43
73 44
73 45
73 46
73 47
73 48
73 49
73 50
73 51
73 52
73 53
73 54
73 55
73 56
73 57
73 58
73 59
73 60
73 61
73 62
73 63
73 64
73 65
73 66
73 67
73 68
73 69
73 70
73 71
73 72
73 73
73 74
73 75
73 76
73 112
73 113
73 114
73 115
74 3
74 4
74 5
74 6
74 7
74 8
74 9
74 10
74 11
74 12
74 13
74 14
74 15
74 16
74 17
74 18
74 19
74 20
74 21
74 22
74 23
74 24
74 25
74 26
74 27
74 28
74 29
74 30
74 31
74 32
74 33
74 34
74 35
74 36
74 37
74 38
74 39
74 40
74 41
74 42
74 43
74 44
74 45
74 46
74 47
74 48
74 49
74 50
74 51
74 52
74 53
74 54
74 55
74 56
74 57
74 58
74 59
74 60
74 61
74 62
74 63
74 64
74 65
74 66
74 67
74 68
74 69
74 70
74 71
74 72
74 73
74 74
74 75
74 112
74 113
74 114
74 115
75 3
75 4
75 5
75 6
75 7
75 8
75 9
75 10
75 11
75 12
75 13
75 14
75 15
75 16
75 17
75 18
75 19
75 20
75 21
75 22
75 23
75 24
75 25
75 26
75 27
75 28
75 29
75 30
75 31
75 32
75 33
75 34
75 35
75 36
75 37
75 38
75 39
75 40
75 41
75 42
75 43
75 44
75 45
75 46
75 47
75 48
75 49
75 50
75 51
75 52
75 53
75 54
75 55
75 56
75 57
75 58
75 59
75 60
75 61
75 62
75 63
75 64
75 65
75 66
75 67
75 68
75 69
75 70
75 71
75 72
75 73
75 74
75 112
75 113
75 114
75 115
76 2
76 3
76 4
76 5
76 6
76 7
76 8
76 9
76 10
76 11
76 12
76 13
76 14
76 15
76 16
76 17
76 18
76 19
76 20
76 21
76 22
76 23
76 24
76 25
76 26
76 27
76 28
76 29
76 30
76 31
76 32
76 33
76 34
76 35
76 36
76 37
76 38
76 39
76 40
76 41
76 42
76 43
76 44
76 45
76 46
76 47
76 48
76 49
76 50
76 51
76 52
76 53
76 54
76 55
76 56
76 57
76 58
76 59
76 60
76 61
76 62
76 63
76 64
76 65
76 66
76 67
76 68
76 69
76 70
76 71
76 72
76 73
76 112
76 113
76 114
76 115
77 3
77 4
77 5
77 6
77 7
77 8
77 9
77 10
77 11
77 12
77 13
77 14
77 15
77 16
77 17
77 18
77 19
77 20
77 21
77 22
77 23
77 24
77 25
77 26
77 27
77 28
77 29
77 30
77 31
77 32
77 33
77 34
77 35
77 36
77 37
77 38
77 39
77 40
77 41
77 42
77 43
77 44
77 45
77 46
77 47
77 48
77 49
77 50
77 51
77 52
77 53
77 54
77 55
77 56
77 57
77 58
77 59
77 60
77 61
77 62
77 63
77 64
77 65
77 66
77 67
77 68
77 69
77 70
77 71
77 72
77 73
77 111
77 112
77 113
77 114
77 115
78 3
78 4
78 5
78 6
78 7
78 8
78 9
78 10
78 11
78 12
78 13
78 14
78 15
78 16
78 17
78 18
78 19
78 20
78 21
78 22
78 23
78 24
78 25
78 26
78 27
78 28
78 29
78 30
78 31
78 32
78 33
78 34
78 35
78 36
78 37
78 38
78 39
78 40
78 41
78 42
78 43
78 44
78 45
78 46
78 47
78 48
78 49
78 50
78 51
78 52
78 53
78 54
78 55
78 56
78 57
78 58
78 59
78 60
78 61
78 62
78 63
78 64
78 65
78 66
78 67
78 68
78 69
78 70
78 71
78 72
78 111
78 112
78 113
78 114
78 115
79 3
79 4
79 5
79 6
79 7
79 8
79 9
79 10
79 11
79 12
79 13
79 14
79 15
79 16
79 17
79 18
79 19
79 20
79 21
79 22
79 23
79 24
79 25
79 26
79 27
79 28
79 29
79 30
79 31
79 32
79 33
79 34
79 35
79 36
79 37
79 38
79 39
79 40
79 41
79 42
79 43
79 44
79 45
79 46
79 47
79 48
79 49
79 50
79 51
79 52
79 53
79 54
79 55
79 56
79 57
79 58
79 59
79 60
79 61
79 62
79 63
79 64
79 65
79 66
79 67
79 68
79 69
79 70
79 71
79 111
79 112
79 113
79 114
79 115
80 4
80 5
80 6
80 7
80 8
80 9
80 10
80 11
80 12
80 13
80 14
80 15
80 16
80 17
80 18
80 19
80 20
80 21
80 22
80 23
80 24
80 25
80 26
80 27
80 28
80 29
80 30
80 31
80 32
80 33
80 34
80 35
80 36
80 37
80 38
80 39
80 40
80 41
80 42
80 43
80 44
80 45
80 46
80 47
80 48
80 49
80 50
80 51
80 52
80 53
80 54
80 55
80 56
80 57
80 58
80 59
80 60
80 61
80 62
80 63
80 64
80 65
80 66
80 67
80 68
80 69
80 70
80 110
80 111
80 112
80 113
80 114
80 115
81 4
81 5
81 6
81 7
81 8
81 9
81 10
81 11
81 12
81 13
81 14
81 15
81 16
81 17
81 18
81 19
81 20
81 21
81 22
81 23
81 24
81 25
81 26
81 27
81 28
81 29
81 30
81 31
81 32
81 33
81 34
81 35
81 36
81 37
81 38
81 39
81 40
81 41
81 42
81 43
81 44
81 45
81 46
81 47
81 48
81 49
81 50
81 51
81 52
81 53
81 54
81 55
81 56
81 57
81 58
81 59
81 60
81 61
81 62
81 63
81 64
81 65
81 66
81 67
81 68
81 69
81 70
81 110
81 111
81 112
81 113
81 114
81 115
82 4
82 5
82 6
82 7
82 8
82 9
82 10
82 11
82 12
82 13
82 14
82 15
82 16
82 17
82 18
82 19
82 20
82 21
82 22
82 23
82 24
82 25
82 26
82 27
82 28
82 29
82 30
82 31
82 32
82 33
82 34
82 35
82 36
82 37
82 38
82 39
82 40
82 41
82 42
82 43
82 44
82 45
82 46
82 47
82 48
82 49
82 50
82 51
82 52
82 53
82 54
82 55
82 56
82 57
82 58
82 59
82 60
82 61
82 62
82 63
82 64
82 65
82 66
82 67
82 68
82 69
82 70
82 110
82 111
82 112
82 113
82 114
82 115
83 5
83 6
83 7
83 8
83 9
83 10
83 11
83 12
83 13
83 14
83 15
83 16
83 17
83 18
83 19
83 20
83 21
83 22
83 23
83 24
83 25
83 26
83 27
83 28
83 29
83 30
83 31
83 32
83 33
83 34
83 35
83 36
83 37
83 38
83 39
83 40
83 41
83 42
83 43
83 44
83 45
83 46
83 47
83 48
83 49
83 50
83 51
83 52
83 53
83 54
83 55
83 56
83 57
83 58
83 59
83 60
83 61
83 62
83 63
83 64
83 65
83 66
83 67
83 68
83 69
83 70
83 71
83 109
83 110
83 111
83 112
83 113
83 114
83 115
84 5
84 6
84 7
84 8
84 9
84 10
84 11
84 12
84 13
84 14
84 15
84 16
84 17
84 18
84 19
84 20
84 21
84 22
84 23
84 24
84 25
84 26
84 27
84 28
84 29
84 30
84 31
84 32
84 33
84 34
84 35
84 36
84 37
84 38
84 39
84 40
84 41
84 42
84 43
84 44
84 45
84 46
84 47
84 48
84 49
84 50
84 51
84 52
84 53
84 54
84 55
84 56
84 57
84 58
84 59
84 60
84 61
84 62
84 63
84 64
84 65
84 66
84 67
84 68
84 69
84 70
84 71
84 109
84 110
84 111
84 112
84 113
84 114
84 115
85 5
85 6
85 7
85 8
85 9
85 10
85 11
85 12
85 13
85 14
85 15
85 16
85 17
85 18
85 19
85 20
85 21
85 22
85 23
85 24
85 25
85 26
85 27
85 28
85 29
85 30
85 31
85 32
85 33
85 34
85 35
85 36
85 37
85 38
85 39
85 40
85 41
85 42
85 43
85 44
85 45
85 46
85 47
85 48
85 49
85 50
85 51
85 52
85 53
85 54
85 55
85 56
85 57
85 58
85 59
85 60
85 61
85 62
85 63
85 64
85 65
85 66
85 67
85 68
85 69
85 70
85 71
85 72
85 108
85 109
85 110
85 111
85 112
85 113
85 114
85 115
86 6
86 7
86 8
86 9
86 10
86 11
86 12
86 13
86 14
86 15
86 16
86 17
86 18
86 19
86 20
86 21
86 22
86 23
86 24
86 25
86 26
86 27
86 28
86 29
86 30
86 31
86 32
86 33
86 34
86 35
86 36
86 37
86 38
86 39
86 40
86 41
86 42
86 43
86 44
86 45
86 46
86 47
86 48
86 49
86 50
86 51
86 52
86 53
86 54
86 55
86 56
86 57
86 58
86 59
86 60
86 61
86 62
86 63
86 64
86 65
86 66
86 67
86 68
86 69
86 70
86 71
86 72
86 73
86 107
86 108
86 109
86 110
86 111
86 112
86 113
86 114
86 115
87 6
87 7
87 8
87 9
87 10
87 11
87 12
87 13
87 14
87 15
87 16
87 17
87 18
87 19
87 20
87 21
87 22
87 23
87 24
87 25
87 26
87 27
87 28
87 29
87 30
87 31
87 32
87 33
87 34
87 35
87 36
87 37
87 38
87 39
87 40
87 41
87 42
87 43
87 44
87 45
87 46
87 47
87 48
87 49
87 50
87 51
87 52
87 53
87 54
87 55
87 56
87 57
87 58
87 59
87 60
87 61
87 62
87 63
87 64
87 65
87 66
87 67
87 68
87 69
87 70
87 71
87 72
87 73
87 106
87 107
87 108
87 109
87 110
87 111
87 112
87 113
87 114
88 6
88 7
88 8
88 9
88 10
88 11
88 12
88 13
88 14
88 15
88 16
88 17
88 18
88 19
88 20
88 21
88 22
88 23
88 24
88 25
88 26
88 27
88 28
88 29
88 30
88 31
88 32
88 33
88 34
88 35
88 36
88 37
88 38
88 39
88 40
88 41
88 42
88 43
88 44
88 45
88 46
88 47
88 48
88 49
88 50
88 51
88 52
88 53
88 54
88 55
88 56
88 57
88 58
88 59
88 60
88 61
88 62
88 63
88 64
88 65
88 66
88 67
88 68
88 69
88 70
88 71
88 72
88 73
88 74
88 105
88 106
88 107
88 108
88 109
88 110
88 111
88 112
88 113
89 7
89 8
89 9
89 10
89 11
89 12
89 13
89 14
89 15
89 16
89 17
89 18
89 19
89 20
89 21
89 22
89 23
89 24
89 25
89 26
89 27
89 28
89 29
89 30
89 31
89 32
89 33
89 34
89 35
89 36
89 37
89 38
89 39
89 40
89 41
89 42
89 43
89 44
89 45
89 46
89 47
89 48
89 49
89 50
89 51
89 52
89 53
89 54
89 55
89 56
89 57
89 58
89 59
89 60
89 61
89 62
89 63
89 64
89 65
89 66
89 67
89 68
89 69
89 70
89 71
89 72
89 73
89 74
89 75
89 104
89 105
89 106
89 107
89 108
89 109
89 110
89 111
89 112
90 7
90 8
90 9
90 10
90 11
90 12
90 13
90 14
90 15
90 16
90 17
90 18
90 19
90 20
90 21
90 22
90 23
90 24
90 25
90 26
90 27
90 28
90 29
90 30
90 31
90 32
90 33
90 34
90 35
90 36
90 37
90 38
90 39
90 40
90 41
90 42
90 43
90 44
90 45
90 46
90 47
90 48
90 49
90 50
90 51
90 52
90 53
90 54
90 55
90 56
90 57
90 58
90 59
90 60
90 61
90 62
90 63
90 64
90 65
90 66
90 67
90 68
90 69
90 70
90 71
90 72
90 73
90 74
90 75
90 103
90 104
90 105
90 106
90 107
90 108
90 109
90 110
90 111
91 7
91 8
91 9
91 10
91 11
91 12
91 13
91 14
91 15
91 16
91 17
91 18
91 19
91 20
91 21
91 22
91 23
91 24
91 25
91 26
91 27
91 28
91 29
91 30
91 31
91 32
91 33
91 34
91 35
91 36
91 37
91 38
91 39
91 40
91 41
91 42
91 43
91 44
91 45
91 46
91 47
91 48
91 49
91 50
91 51
91 52
91 53
91 54
91 55
91 56
91 57
91 58
91 59
91 60
91 61
91 62
91 63
91 64
91 65
91 66
91 67
91 68
91 69
91 70
91 71
91 72
91 73
91 74
91 75
91 76
91 102
91 103
91 104
91 105
91 106
91 107
91 108
91 109
91 110
92 8
92 9
92 10
92 11
92 12
92 13
92 14
92 15
92 16
92 17
92 18
92 19
92 20
92 21
92 22
92 23
92 24
92 25
92 26
92 27
92 28
92 29
92 30
92 31
92 32
92 33
92 34
92 35
92 36
92 37
92 38
92 39
92 40
92 41
92 42
92 43
92 44
92 45
92 46
92 47
92 48
92 49
92 50
92 51
92 52
92 53
92 54
92 55
92 56
92 57
92 58
92 59
92 60
92 61
92 62
92 63
92 64
92 65
92 66
92 67
92 68
92 69
92 70
92 71
92 72
92 73
92 74
92 75
92 76
92 77
92 101
92 102
92 103
92 104
92 105
92 106
92 107
92 108
92 109
92 115
93 8
93 9
93 10
93 11
93 12
93 13
93 14
93 15
93 16
93 17
93 18
93 19
93 20
93 21
93 22
93 23
93 24
93 25
93 26
93 27
93 28
93 29
93 30
93 31
93 32
93 33
93 34
93 35
93 36
93 37
93 38
93 39
93 40
93 41
93 42
93 43
93 44
93 45
93 46
93 48
93 49
93 50
93 51
93 52
93 53
93 54
93 55
93 56
93 57
93 58
93 59
93 60
93 61
93 62
93 63
93 64
93 65
93 66
93 67
93 68
93 69
93 70
93 71
93 72
93 73
93 74
93 75
93 76
93 77
93 100
93 101
93 102
93 103
93 104
93 105
93 106
93 107
93 108
93 115
93 116
93 117
93 118
93 119
94 8
94 9
94 10
94 11
94 12
94 13
94 14
94 15
94 16
94 17
94 18
94 19
94 20
94 21
94 22
94 23
94 24
94 25
94 26
94 27
94 28
94 29
94 30
94 31
94 32
94 33
94 34
94 35
94 36
94 37
94 38
94 39
94 40
94 41
94 42
94 43
94 44
94 45
94 49
94 50
94 51
94 52
94 53
94 54
94 55
94 56
94 57
94 58
94 59
94 60
94 61
94 62
94 63
94 64
94 65
94 66
94 67
94 68
94 69
94 70
94 71
94 72
94 73
94 74
94 75
94 76
94 77
94 78
94 99
94 100
94 101
94 102
94 103
94 104
94 105
94 106
94 107
94 114
94 115
94 116
94 117
94 118
94 119
94 120
94 121
94 122
94 123
95 9
95 10
95 11
95 12
95 13
95 14
95 15
95 16
95 17
95 18
95 19
95 20
95 21
95 22
95 23
95 24
95 25
95 26
95 27
95 28
95 29
95 30
95 31
95 32
95 33
95 34
95 35
95 36
95 37
95 38
95 39
95 40
95 41
95 42
95 43
95 44
95 49
95 50
95 51
95 52
95 53
95 54
95 55
95 56
95 57
95 58
95 59
95 60
95 61
95 62
95 63
95 64
95 65
95 66
95 67
95 68
95 69
95 70
95 71
95 72
95 73
95 74
95 75
95 76
95 77
95 78
95 79
95 98
95 99
95 100
95 101
95 102
95 103
95 104
95 105
95 106
95 113
95 114
95 115
95 116
95 117
95 118
95 119
95 120
95 121
95 122
95 123
95 124
95 125
95 126
95 127
96 9
96 10
96 11
96 12
96 13
96 14
96 15
96 16
96 17
96 18
96 19
96 20
96 21
96 22
96 23
96 24
96 25
96 26
96 27
96 28
96 29
96 30
96 31
96 32
96 33
96 34
96 35
96 36
96 37
96 38
96 39
96 40
96 41
96 42
96 43
96 44
96 50
96 51
96 52
96 53
96 54
96 55
96 56
96 57
96 58
96 59
96 60
96 61
96 62
96 63
96 64
96 65
96 66
96 67
96 68
96 69
96 70
96 71
96 72
96 73
96 74
96 75
96 76
96 77
96 78
96 79
96 97
96 98
96 99
96 100
96 101
96 102
96 103
96 104
96 105
96 112
96 113
96 114
96 115
97 9
97 10
97 11
97 12
97 13
97 14
97 15
97 16
97 17
97 18
97 19
97 20
97 21
97 22
97 23
97 24
97 25
97 26
97 27
97 28
97 29
97 30
97 31
97 32
97 33
97 34
97 35
97 36
97 37
97 38
97 39
97 40
97 41
97 42
97 43
97 50
97 51
97 52
97 53
97 54
97 55
97 56
97 57
97 58
97 59
97 60
97 61
97 62
97 63
97 64
97 65
97 66
97 67
97 68
97 69
97 70
97 71
97 72
97 73
97 74
97 75
97 76
97 77
97 78
97 79
97 80
97 95
97 96
97 97
97 98
97 99
97 100
97 101
97 102
97 103
97 104
97 111
97 112
97 113
97 114
98 9
98 10
98 11
98 12
98 13
98 14
98 15
98 16
98 17
98 18
98 19
98 20
98 21
98 22
98 23
98 24
98 25
98 26
98 27
98 28
98 29
98 30
98 31
98 32
98 33
98 34
98 35
98 36
98 37
98 38
98 39
98 40
98 41
98 42
98 51
98 52
98 53
98 54
98 55
98 56
98 57
98 58
98 59
98 60
98 61
98 62
98 63
98 64
98 65
98 66
98 67
98 68
98 69
98 70
98 71
98 72
98 73
98 74
98 75
98 76
98 77
98 78
98 79
98 80
98 81
98 92
98 93
98 94
98 95
98 96
98 97
98 98
98 99
98 100
98 101
98 102
98 103
98 110
98 111
98 112
98 113
99 9
99 10
99 11
99 12
99 13
99 14
99 15
99 16
99 17
99 18
99 19
99 20
99 21
99 22
99 23
99 24
99 25
99 26
99 27
99 28
99 29
99 30
99 31
99 32
99 33
99 34
99 35
99 36
99 37
99 38
99 39
99 40
99 41
99 51
99 52
99 53
99 54
99 55
99 56
99 57
99 58
99 59
99 60
99 61
99 62
99 63
99 64
99 65
99 66
99 67
99 68
99 69
99 70
99 71
99 72
99 73
99 74
99 75
99 76
99 77
99 78
99 79
99 80
99 81
99 89
99 90
99 91
99 92
99 93
99 94
99 95
99 96
99 97
99 98
99 99
99 100
99 101
99 102
99 109
99 110
99 111
99 112
100 0
100 9
100 10
100 11
100 12
100 13
100 14
100 15
100 16
100 17
100 18
100 19
100 20
100 21
100 22
100 23
100 24
100 25
100 26
100 27
100 28
100 29
100 30
100 31
100 32
100 33
100 34
100 35
100 36
100 37
100 38
100 39
100 40
100 41
100 52
100 53
100 54
100 55
100 56
100 57
100 58
100 59
100 60
100 61
100 62
100 63
100 64
100 65
100 66
100 67
100 68
100 69
100 70
100 71
100 72
100 73
100 74
100 75
100 76
100 77
100 78
100 79
100 80
100 81
100 82
100 86
100 87
100 88
100 89
100 90
100 91
100 92
100 93
100 94
100 95
100 96
100 97
100 98
100 99
100 100
100 101
100 108
100 109
100 110
100 111
101 1
101 9
101 10
101 11
101 12
101 13
101 14
101 15
101 16
101 17
101 18
101 19
101 20
101 21
101 22
101 23
101 24
101 25
101 26
101 27
101 28
101 29
101 30
101 31
101 32
101 33
101 34
101 35
101 36
101 37
101 38
101 39
101 40
101 53
101 54
101 55
101 56
101 57
101 58
101 59
101 60
101 61
101 62
101 63
101 64
101 65
101 66
101 67
101 68
101 69
101 70
101 71
101 72
101 73
101 74
101 75
101 76
101 77
101 78
101 79
101 80
101 81
101 82
101 83
101 84
101 85
101 86
101 87
101 88
101 89
101 90
101 91
101 92
101 93
101 94
101 95
101 96
101 97
101 98
101 99
101 100
101 107
101 108
101 109
101 110
102 2
102 9
102 10
102 11
102 12
102 13
102 14
102 15
102 16
102 17
102 18
102 19
102 20
102 21
102 22
102 23
102 24
102 25
102 26
102 27
102 28
102 29
102 30
102 31
102 32
102 33
102 34
102 35
102 36
102 37
102 38
102 39
102 53
102 54
102 55
102 56
102 57
102 58
102 59
102 60
102 61
102 62
102 63
102 64
102 65
102 66
102 67
102 68
102 69
102 70
102 71
102 72
102 73
102 74
102 75
102 76
102 77
102 78
102 79
102 80
102 81
102 82
102 83
102 84
102 85
102 86
102 87
102 88
102 89
102 90
102 91
102 92
102 93
102 94
102 95
102 96
102 97
102 98
102 99
102 106
102 107
102 108
102 109
103 2
103 3
103 8
103 9
103 10
103 11
103 12
103 13
103 14
103 15
103 16
103 17
103 18
103 19
103 20
103 21
103 22
103 23
103 24
103 25
103 26
103 27
103 28
103 29
103 30
103 31
103 32
103 33
103 34
103 35
103 36
103 37
103 38
103 54
103 55
103 56
103 57
103 58
103 59
103 60
103 61
103 62
103 63
103 64
103 65
103 66
103 67
103 68
103 69
103 70
103 71
103 72
103 73
103 74
103 75
103 76
103 77
103 78
103 79
103 80
103 81
103 82
103 83
103 84
103 85
103 86
103 87
103 88
103 89
103 90
103 91
103 92
103 93
103 94
103 95
103 96
103 97
103 98
103 99
103 100
103 101
103 102
103 103
103 104
103 105
103 106
104 3
104 4
104 8
104 9
104 10
104 11
104 12
104 13
104 14
104 15
104 16
104 17
104 18
104 19
104 20
104 21
104 22
104 23
104 24
104 25
104 26
104 27
104 28
104 29
104 30
104 31
104 32
104 33
104 34
104 35
104 36
104 37
104 38
104 54
104 55
104 56
104 57
104 58
104 59
104 60
104 61
104 62
104 63
104 64
104 65
104 66
104 67
104 68
104 69
104 70
104 71
104 72
104 73
104 74
104 75
104 76
104 77
104 78
104 79
104 80
104 81
104 82
104 83
104 84
104 85
104 86
104 87
104 88
104 89
104 90
104 91
104 92
104 93
104 94
104 95
104 96
104 97
104 98
104 99
104 100
104 101
104 102
104 103
105 3
105 4
105 5
105 8
105 9
105 10
105 11
105 12
105 13
105 14
105 15
105 16
105 17
105 18
105 19
105 20
105 21
105 22
105 23
105 24
105 25
105 26
105 27
105 28
105 29
105 30
105 31
105 32
105 33
105 34
105 35
105 36
105 37
105 55
105 56
105 57
105 58
105 59
105 60
105 61
105 62
105 63
105 64
105 65
105 66
105 67
105 68
105 69
105 70
105 71
105 72
105 73
105 74
105 75
105 76
105 77
105 78
105 79
105 80
105 81
105 82
105 83
105 84
105 85
105 86
105 87
105 88
105 89
105 90
105 91
105 92
105 93
105 94
105 95
105 96
105 97
105 98
105 99
105 100
106 4
106 5
106 6
106 8
106 9
106 10
106 11
106 12
106 13
106 14
106 15
106 16
106 17
106 18
106 19
106 20
106 21
106 22
106 23
106 24
106 25
106 26
106 27
106 28
106 29
106 30
106 31
106 32
106 33
106 34
106 35
106 36
106 55
106 56
106 57
106 58
106 59
106 60
106 61
106 62
106 63
106 64
106 65
106 66
106 67
106 68
106 69
106 70
106 71
106 72
106 73
106 74
106 75
106 76
106 77
106 78
106 79
106 80
106 81
106 82
106 83
106 84
106 85
106 86
106 87
106 88
106 89
106 90
106 91
106 92
106 93
106 94
106 95
106 96
106 97
107 5
107 6
107 7
107 8
107 9
107 10
107 11
107 12
107 13
107 14
107 15
107 16
107 17
107 18
107 19
107 20
107 21
107 22
107 23
107 24
107 25
107 26
107 27
107 28
107 29
107 30
107 31
107 32
107 33
107 34
107 35
107 56
107 57
107 58
107 59
107 60
107 61
107 62
107 63
107 64
107 65
107 66
107 67
107 68
107 69
107 70
107 71
107 72
107 75
107 76
107 77
107 78
107 79
107 80
107 81
107 82
107 83
107 84
107 85
107 86
107 87
107 88
107 89
107 90
107 91
107 92
107 93
107 94
108 5
108 6
108 7
108 8
108 9
108 10
108 11
108 12
108 13
108 14
108 15
108 16
108 17
108 18
108 19
108 20
108 21
108 22
108 23
108 24
108 25
108 26
108 27
108 28
108 29
108 30
108 31
108 32
108 33
108 34
108 35
108 57
108 58
108 59
108 60
108 61
108 62
108 63
108 64
108 65
108 66
108 67
108 68
108 69
108 70
108 71
108 72
108 77
108 78
108 79
108 80
108 81
108 82
108 83
108 84
108 85
108 86
108 87
108 88
108 89
108 90
108 91
109 6
109 7
109 8
109 9
109 10
109 11
109 12
109 13
109 14
109 15
109 16
109 17
109 18
109 19
109 20
109 21
109 22
109 23
109 24
109 25
109 26
109 27
109 28
109 29
109 30
109 31
109 32
109 33
109 34
109 57
109 58
109 59
109 60
109 61
109 62
109 63
109 64
109 65
109 66
109 67
109 68
109 69
109 70
109 71
109 72
109 78
110 6
110 7
110 8
110 9
110 10
110 11
110 12
110 13
110 14
110 15
110 16
110 17
110 18
110 19
110 20
110 21
110 22
110 23
110 24
110 25
110 26
110 27
110 28
110 29
110 30
110 31
110 32
110 33
110 58
110 59
110 60
110 61
110 62
110 63
110 64
110 65
110 66
110 67
110 68
110 69
110 70
110 71
110 72
111 6
111 7
111 8
111 9
111 10
111 11
111 12
111 13
111 14
111 15
111 16
111 17
111 18
111 19
111 20
111 21
111 22
111 23
111 24
111 25
111 26
111 27
111 28
111 29
111 30
111 31
111 32
111 58
111 59
111 60
111 61
111 62
111 63
111 64
111 65
111 66
111 67
111 68
111 69
111 70
111 71
111 72
112 6
112 7
112 8
112 9
112 10
112 11
112 12
112 13
112 14
112 15
112 16
112 17
112 18
112 19
112 20
112 21
112 22
112 23
112 24
112 25
112 26
112 27
112 28
112 29
112 30
112 31
112 32
112 59
112 60
112 61
112 62
112 63
112 64
112 65
112 66
112 67
112 68
112 69
112 70
112 71
112 72
113 6
113 7
113 8
113 9
113 10
113 11
113 12
113 13
113 14
113 15
113 16
113 17
113 18
113 19
113 20
113 21
113 22
113 23
113 24
113 25
113 26
113 27
113 28
113 29
113 30
113 31
113 59
113 60
113 61
113 62
113 63
113 64
113 65
113 66
113 67
113 68
113 69
113 70
113 71
113 72
114 5
114 6
114 7
114 8
114 9
114 10
114 11
114 12
114 13
114 14
114 15
114 16
114 17
114 18
114 19
114 20
114 21
114 22
114 23
114 24
114 25
114 26
114 27
114 28
114 29
114 30
114 60
114 61
114 62
114 63
114 64
114 65
114 66
114 67
114 68
114 69
114 70
114 71
114 72
115 5
115 6
115 7
115 8
115 9
115 10
115 11
115 12
115 13
115 14
115 15
115 16
115 17
115 18
115 19
115 20
115 21
115 22
115 23
115 24
115 25
115 26
115 27
115 28
115 29
115 61
115 62
115 63
115 64
115 65
115 66
115 67
115 68
115 69
115 70
115 71
115 72
116 5
116 6
116 7
116 8
116 9
116 10
116 11
116 12
116 13
116 14
116 15
116 16
116 17
116 18
116 19
116 20
116 21
116 22
116 23
116 24
116 25
116 26
116 27
116 28
116 29
116 61
116 62
116 63
116 64
116 65
116 66
116 67
116 68
116 69
116 70
116 71
116 72
117 5
117 6
117 7
117 8
117 9
117 10
117 11
117 12
117 13
117 14
117 15
117 16
117 17
117 18
117 19
117 20
117 21
117 22
117 23
117 24
117 25
117 26
117 27
117 28
117 62
117 63
117 64
117 65
117 66
117 67
117 68
117 69
117 70
117 71
117 72
118 5
118 6
118 7
118 8
118 9
118 10
118 11
118 12
118 13
118 14
118 15
118 16
118 17
118 18
118 19
118 20
118 21
118 22
118 23
118 24
118 25
118 26
118 27
118 62
118 63
118 64
118 65
118 66
118 67
118 68
118 69
118 70
118 71
118 72
119 4
119 5
119 6
119 7
119 8
119 9
119 10
119 11
119 12
119 13
119 14
119 15
119 16
119 17
119 18
119 19
119 20
119 21
119 22
119 23
119 24
119 25
119 26
119 63
119 64
119 65
119 66
119 67
119 68
119 69
119 70
119 71
119 72
120 4
120 5
120 6
120 7
120 8
120 9
120 10
120 11
120 12
120 13
120 14
120 15
120 16
120 17
120 18
120 19
120 20
120 21
120 22
120 23
120 24
120 63
120 64
120 65
120 66
120 67
120 68
120 69
120 70
120 71
120 72
121 4
121 5
121 6
121 7
121 8
121 9
121 10
121 11
121 12
121 13
121 14
121 15
121 16
121 17
121 18
121 19
121 20
121 21
121 22
121 64
121 65
121 66
121 67
121 68
121 69
121 70
121 71
121 72
121 73
121 74
121 75
121 76
121 77
122 4
122 5
122 6
122 7
122 8
122 9
122 10
122 11
122 12
122 13
122 14
122 15
122 16
122 17
122 18
122 19
122 20
122 21
122 64
122 65
122 66
122 67
122 68
122 69
122 70
122 71
122 72
122 73
122 74
122 75
122 76
122 77
122 78
122 79
122 80
122 81
122 82
122 83
122 84
122 85
122 86
123 3
123 4
123 5
123 6
123 7
123 8
123 9
123 10
123 11
123 12
123 13
123 14
123 15
123 16
123 17
123 18
123 19
123 64
123 65
123 66
123 67
123 68
123 69
123 70
123 71
123 72
123 73
123 74
123 75
123 76
123 77
123 78
123 79
123 80
123 81
123 82
123 83
123 84
123 85
123 86
124 3
124 4
124 5
124 6
124 7
124 8
124 9
124 10
124 11
124 12
124 13
124 14
124 15
124 16
124 17
124 18
124 64
124 65
124 66
124 67
124 68
124 69
124 70
124 71
124 72
124 73
124 74
124 75
124 76
124 77
124 78
124 79
124 80
124 81
124 82
124 83
124 84
124 85
124 86
124 87
125 3
125 4
125 5
125 6
125 7
125 8
125 9
125 10
125 11
125 12
125 13
125 14
125 15
125 16
125 64
125 65
125 66
125 67
125 68
125 69
125 70
125 71
125 72
125 73
125 74
125 75
125 76
125 77
125 78
125 79
125 80
125 81
125 82
125 83
125 84
125 85
125 86
125 87
126 3
126 4
126 5
126 6
126 7
126 8
126 9
126 10
126 11
126 12
126 13
126 14
126 15
126 64
126 65
126 66
126 67
126 68
126 69
126 70
126 71
126 72
126 73
126 74
126 75
126 76
126 77
126 78
126 79
126 80
126 81
126 82
126 83
126 86
126 87
126 88
127 3
127 4
127 5
127 6
127 7
127 8
127 9
127 10
127 11
127 12
127 13
127 64
127 65
127 66
127 67
127 68
127 69
127 70
127 71
127 72
127 73
127 74
127 75
127 76
127 77
127 78
127 79
127 80
127 81
127 87
127 88
128 2
128 3
128 4
128 5
128 6
128 7
128 8
128 9
128 10
128 11
128 12
128 64
128 65
128 66
128 67
128 68
128 69
128 70
128 71
128 72
128 73
128 74
128 75
128 76
128 77
128 78
128 79
128 80
128 87
128 88
128 89
129 2
129 3
129 4
129 5
129 6
129 7
129 8
129 9
129 10
129 63
129 64
129 65
129 66
129 67
129 68
129 69
129 70
129 71
129 72
129 73
129 74
129 75
129 76
129 77
129 78
129 88
129 89
130 2
130 3
130 4
130 5
130 6
130 7
130 8
130 9
130 64
130 65
130 66
130 67
130 68
130 69
130 70
130 71
130 72
130 73
130 74
130 75
130 76
130 77
130 88
130 89
130 90
131 2
131 3
131 4
131 5
131 6
131 7
131 64
131 65
131 66
131 67
131 68
131 69
131 70
131 71
131 72
131 73
131 74
131 75
131 89
131 90
131 91
132 1
132 2
132 3
132 4
132 5
132 6
132 64
132 65
132 66
132 67
132 68
132 69
132 70
132 71
132 72
132 73
132 74
132 90
132 91
133 1
133 2
133 3
133 4
133 65
133 66
133 67
133 68
133 69
133 70
133 71
133 72
133 82
133 90
133 91
133 92
134 1
134 2
134 3
134 65
134 66
134 67
134 68
134 69
134 70
134 71
134 85
134 86
134 91
134 92
135 1
135 65
135 66
135 67
135 68
135 69
135 88
135 89
135 90
135 91
135 92
135 93
136 0
136 65
136 66
136 67
136 68
136 90
136 91
136 92
136 93
137 66
137 67
137 93
137 94
138 66
138 67
138 95
139 66
139 67
140 67
141 67
142 67
143 67
