4351
7 57
8 55
8 56
8 57
8 58
8 59
8 60
8 61
8 62
9 52
9 53
9 54
9 55
9 56
9 57
9 58
9 59
9 60
9 61
9 62
9 63
9 64
9 65
9 66
9 67
10 49
10 50
10 51
10 52
10 53
10 54
10 55
10 56
10 57
10 58
10 59
10 60
10 61
10 62
10 63
10 64
10 65
10 66
10 67
10 68
10 69
10 70
10 71
10 72
10 73
11 46
11 47
11 48
11 49
11 50
11 51
11 52
11 53
11 54
11 55
11 56
11 57
11 58
11 59
11 60
11 61
11 62
11 63
11 64
11 65
11 66
11 67
11 68
11 69
11 70
11 71
11 72
11 73
12 43
12 44
12 45
12 46
12 47
12 48
12 49
12 50
12 51
12 52
12 53
12 54
12 55
12 56
12 57
12 58
12 59
12 60
12 61
12 62
12 63
12 64
12 65
12 66
12 67
12 68
12 69
12 70
12 71
12 72
12 73
12 74
13 40
13 41
13 42
13 43
13 44
13 45
13 46
13 47
13 48
13 49
13 50
13 51
13 52
13 53
13 54
13 55
13 56
13 57
13 58
13 59
13 60
13 61
13 62
13 63
13 64
13 65
13 66
13 67
13 68
13 69
13 70
13 71
13 72
13 73
13 74
14 37
14 38
14 39
14 40
14 41
14 42
14 43
14 44
14 45
14 46
14 47
14 48
14 49
14 50
14 51
14 52
14 53
14 54
14 55
14 56
14 57
14 58
14 59
14 60
14 61
14 62
14 63
14 64
14 65
14 66
14 67
14 68
14 69
14 70
14 71
14 72
14 73
14 74
14 75
15 36
15 37
15 38
15 39
15 40
15 41
15 42
15 43
15 44
15 45
15 46
15 47
15 48
15 49
15 50
15 51
15 52
15 53
15 54
15 55
15 56
15 57
15 58
15 59
15 60
15 61
15 62
15 63
15 64
15 65
15 66
15 67
15 68
15 69
15 70
15 71
15 72
15 73
15 74
15 75
16 35
16 36
16 37
16 38
16 39
16 40
16 41
16 42
16 43
16 44
16 45
16 46
16 47
16 48
16 49
16 50
16 51
16 52
16 53
16 54
16 55
16 56
16 57
16 58
16 59
16 60
16 61
16 62
16 63
16 64
16 65
16 66
16 67
16 68
16 69
16 70
16 71
16 72
16 73
16 74
16 75
16 76
17 33
17 34
17 35
17 36
17 37
17 38
17 39
17 40
17 41
17 42
17 43
17 44
17 45
17 46
17 47
17 48
17 49
17 50
17 51
17 52
17 53
17 54
17 55
17 56
17 57
17 58
17 59
17 60
17 61
17 62
17 63
17 64
17 65
17 66
17 67
17 68
17 69
17 70
17 71
17 72
17 73
17 74
17 75
17 76
18 32
18 33
18 34
18 35
18 36
18 37
18 38
18 39
18 40
18 41
18 42
18 43
18 44
18 45
18 46
18 47
18 48
18 49
18 50
18 51
18 52
18 53
18 54
18 55
18 56
18 57
18 58
18 59
18 60
18 61
18 62
18 63
18 64
18 65
18 66
18 67
18 68
18 69
18 70
18 71
18 72
18 73
18 74
18 75
18 76
18 77
19 31
19 32
19 33
19 34
19 35
19 36
19 37
19 38
19 39
19 40
19 41
19 42
19 43
19 44
19 45
19 46
19 47
19 48
19 49
19 50
19 51
19 52
19 53
19 54
19 55
19 56
19 57
19 58
19 59
19 60
19 61
19 62
19 63
19 64
19 65
19 66
19 67
19 68
19 69
19 70
19 71
19 72
19 73
19 74
19 75
19 76
19 77
20 29
20 30
20 31
20 32
20 33
20 34
20 35
20 36
20 37
20 38
20 39
20 40
20 41
20 42
20 43
20 44
20 45
20 46
20 47
20 48
20 49
20 50
20 51
20 52
20 53
20 54
20 55
20 56
20 57
20 58
20 59
20 60
20 61
20 62
20 63
20 64
20 65
20 66
20 67
20 68
20 69
20 70
20 71
20 72
20 73
20 74
20 75
20 76
20 77
20 78
21 28
21 29
21 30
21 31
21 32
21 33
21 34
21 35
21 36
21 37
21 38
21 39
21 40
21 41
21 42
21 43
21 44
21 45
21 46
21 47
21 48
21 49
21 50
21 51
21 52
21 53
21 54
21 55
21 56
21 57
21 58
21 59
21 60
21 61
21 62
21 63
21 64
21 65
21 66
21 67
21 68
21 69
21 70
21 71
21 72
21 73
21 74
21 75
21 76
21 77
21 78
22 27
22 28
22 29
22 30
22 31
22 32
22 33
22 34
22 35
22 36
22 37
22 38
22 39
22 40
22 41
22 42
22 43
22 44
22 45
22 46
22 47
22 48
22 49
22 50
22 51
22 52
22 53
22 54
22 55
22 56
22 57
22 58
22 59
22 60
22 61
22 62
22 63
22 64
22 65
22 66
22 67
22 68
22 69
22 70
22 71
22 72
22 73
22 74
22 75
22 76
22 77
22 78
22 79
23 25
23 26
23 27
23 28
23 29
23 30
23 31
23 32
23 33
23 34
23 35
23 36
23 37
23 38
23 39
23 40
23 41
23 42
23 43
23 44
23 45
23 46
23 47
23 48
23 49
23 50
23 51
23 52
23 53
23 54
23 55
23 56
23 57
23 58
23 59
23 60
23 61
23 62
23 63
23 64
23 65
23 66
23 67
23 68
23 69
23 70
23 71
23 72
23 73
23 74
23 75
23 76
23 77
23 78
23 79
24 24
24 25
24 26
24 27
24 28
24 29
24 30
24 31
24 32
24 33
24 34
24 35
24 36
24 37
24 38
24 39
24 40
24 41
24 42
24 43
24 44
24 45
24 46
24 47
24 48
24 49
24 50
24 51
24 52
24 53
24 54
24 55
24 56
24 57
24 58
24 59
24 60
24 61
24 62
24 63
24 64
24 65
24 66
24 67
24 68
24 69
24 70
24 71
24 72
24 73
24 74
24 75
24 76
24 77
24 78
24 79
24 80
25 23
25 24
25 25
25 26
25 27
25 28
25 29
25 30
25 31
25 32
25 33
25 34
25 35
25 36
25 37
25 38
25 39
25 40
25 41
25 42
25 43
25 45
25 46
25 47
25 48
25 49
25 50
25 51
25 52
25 53
25 54
25 55
25 56
25 57
25 58
25 59
25 60
25 61
25 62
25 63
25 64
25 65
25 66
25 67
25 68
25 69
25 70
25 71
25 72
25 73
25 74
25 75
25 76
25 77
25 78
25 79
25 80
25 81
26 21
26 22
26 23
26 24
26 25
26 26
26 27
26 28
26 29
26 30
26 31
26 32
26 33
26 34
26 35
26 36
26 37
26 38
26 39
26 40
26 41
26 42
26 44
26 45
26 46
26 47
26 48
26 49
26 50
26 51
26 52
26 53
26 54
26 55
26 56
26 57
26 58
26 59
26 60
26 61
26 62
26 63
26 64
26 65
26 66
26 67
26 68
26 69
26 70
26 71
26 72
26 73
26 74
26 75
26 76
26 77
26 78
26 79
26 80
26 81
27 21
27 22
27 23
27 24
27 25
27 26
27 27
27 28
27 29
27 30
27 31
27 32
27 33
27 34
27 35
27 36
27 37
27 38
27 39
27 40
27 44
27 45
27 46
27 47
27 48
27 49
27 50
27 51
27 52
27 53
27 54
27 55
27 56
27 57
27 59
27 60
27 61
27 62
27 63
27 64
27 65
27 66
27 67
27 68
27 69
27 70
27 71
27 72
27 73
27 74
27 75
27 76
27 77
27 78
27 79
27 80
27 81
28 20
28 21
28 22
28 23
28 24
28 25
28 26
28 27
28 28
28 29
28 30
28 31
28 32
28 33
28 34
28 35
28 36
28 37
28 38
28 39
28 43
28 44
28 45
28 46
28 47
28 48
28 49
28 50
28 51
28 52
28 53
28 54
28 55
28 56
28 57
28 58
28 60
28 61
28 62
28 63
28 64
28 65
28 66
28 67
28 68
28 69
28 70
28 71
28 72
28 73
28 74
28 75
28 76
28 77
28 78
28 79
28 80
28 81
29 19
29 20
29 21
29 22
29 23
29 24
29 25
29 26
29 27
29 28
29 29
29 30
29 31
29 32
29 33
29 34
29 35
29 36
29 37
29 43
29 44
29 45
29 46
29 47
29 48
29 49
29 50
29 51
29 52
29 53
29 54
29 55
29 56
29 57
29 58
29 61
29 62
29 63
29 64
29 65
29 66
29 67
29 68
29 69
29 70
29 71
29 72
29 73
29 74
29 75
29 76
29 77
29 78
29 79
29 80
29 81
29 82
30 18
30 19
30 20
30 21
30 22
30 23
30 24
30 25
30 26
30 27
30 28
30 29
30 30
30 31
30 32
30 33
30 34
30 35
30 36
30 42
30 43
30 44
30 45
30 46
30 47
30 48
30 49
30 50
30 51
30 52
30 53
30 54
30 55
30 56
30 57
30 58
30 59
30 61
30 62
30 63
30 64
30 65
30 66
30 67
30 68
30 69
30 70
30 71
30 72
30 73
30 74
30 75
30 76
30 77
30 78
30 79
30 80
30 81
30 82
31 18
31 19
31 20
31 21
31 22
31 23
31 24
31 25
31 26
31 27
31 28
31 29
31 30
31 31
31 32
31 33
31 34
31 42
31 43
31 44
31 45
31 46
31 47
31 48
31 49
31 50
31 51
31 52
31 53
31 54
31 55
31 56
31 57
31 58
31 59
31 62
31 63
31 64
31 65
31 66
31 67
31 68
31 69
31 70
31 71
31 72
31 73
31 74
31 75
31 76
31 77
31 78
31 79
31 80
31 81
31 82
32 17
32 18
32 19
32 20
32 21
32 22
32 23
32 24
32 25
32 26
32 27
32 28
32 29
32 30
32 31
32 32
32 33
32 41
32 42
32 43
32 44
32 45
32 46
32 47
32 48
32 49
32 50
32 51
32 52
32 53
32 54
32 55
32 56
32 57
32 58
32 59
32 63
32 64
32 65
32 66
32 67
32 68
32 69
32 70
32 71
32 72
32 73
32 74
32 75
32 76
32 77
32 78
32 79
32 80
32 81
32 82
32 83
32 126
32 127
32 128
32 129
32 130
32 131
32 132
32 133
32 134
33 16
33 17
33 18
33 19
33 20
33 21
33 22
33 23
33 24
33 25
33 26
33 27
33 28
33 29
33 30
33 31
33 32
33 40
33 41
33 42
33 43
33 44
33 45
33 46
33 47
33 48
33 49
33 50
33 51
33 52
33 53
33 54
33 55
33 56
33 57
33 58
33 59
33 60
33 64
33 65
33 66
33 67
33 68
33 69
33 70
33 71
33 72
33 73
33 74
33 75
33 76
33 77
33 78
33 79
33 80
33 81
33 82
33 83
33 126
33 127
33 128
33 129
33 130
33 131
33 132
33 133
34 15
34 16
34 17
34 18
34 19
34 20
34 21
34 22
34 23
34 24
34 25
34 26
34 27
34 28
34 29
34 30
34 31
34 41
34 42
34 43
34 44
34 45
34 46
34 47
34 48
34 49
34 50
34 51
34 52
34 53
34 54
34 55
34 56
34 57
34 58
34 59
34 60
34 65
34 66
34 67
34 68
34 69
34 70
34 71
34 72
34 73
34 74
34 75
34 76
34 77
34 78
34 79
34 80
34 81
34 82
34 83
34 126
34 127
34 128
34 129
34 130
34 131
34 132
34 133
35 15
35 16
35 17
35 18
35 19
35 20
35 21
35 22
35 23
35 24
35 25
35 26
35 27
35 28
35 29
35 30
35 41
35 42
35 43
35 44
35 45
35 46
35 47
35 48
35 49
35 50
35 51
35 52
35 53
35 54
35 55
35 56
35 57
35 58
35 59
35 60
35 61
35 65
35 66
35 67
35 68
35 69
35 70
35 71
35 72
35 73
35 74
35 75
35 76
35 77
35 78
35 79
35 80
35 81
35 82
35 83
35 84
35 125
35 126
35 127
35 128
35 129
35 130
35 131
35 132
35 133
36 14
36 15
36 16
36 17
36 18
36 19
36 20
36 21
36 22
36 23
36 24
36 25
36 26
36 27
36 28
36 29
36 41
36 42
36 43
36 44
36 45
36 46
36 47
36 48
36 49
36 50
36 51
36 52
36 53
36 54
36 55
36 56
36 57
36 58
36 59
36 60
36 65
36 66
36 67
36 68
36 69
36 70
36 71
36 72
36 73
36 74
36 75
36 76
36 77
36 78
36 79
36 80
36 81
36 82
36 83
36 84
36 125
36 126
36 127
36 128
36 129
36 130
36 131
36 132
36 133
37 13
37 14
37 15
37 16
37 17
37 18
37 19
37 20
37 21
37 22
37 23
37 24
37 25
37 26
37 27
37 28
37 41
37 42
37 43
37 44
37 45
37 46
37 47
37 48
37 49
37 50
37 51
37 52
37 53
37 54
37 55
37 56
37 57
37 58
37 59
37 65
37 66
37 67
37 68
37 69
37 70
37 71
37 72
37 73
37 74
37 75
37 76
37 77
37 78
37 79
37 80
37 81
37 82
37 83
37 84
37 125
37 126
37 127
37 128
37 129
37 130
37 131
37 132
37 133
38 12
38 13
38 14
38 15
38 16
38 17
38 18
38 19
38 20
38 21
38 22
38 23
38 24
38 25
38 26
38 27
38 41
38 42
38 43
38 44
38 45
38 46
38 47
38 48
38 49
38 50
38 51
38 52
38 53
38 54
38 55
38 56
38 57
38 58
38 59
38 65
38 66
38 67
38 68
38 69
38 70
38 71
38 72
38 73
38 74
38 75
38 76
38 77
38 78
38 79
38 80
38 81
38 82
38 83
38 84
38 85
38 124
38 125
38 126
38 127
38 128
38 129
38 130
38 131
38 132
38 133
39 13
39 14
39 15
39 16
39 17
39 18
39 19
39 20
39 21
39 22
39 23
39 24
39 25
39 26
39 41
39 42
39 43
39 44
39 45
39 46
39 47
39 48
39 49
39 50
39 51
39 52
39 53
39 54
39 55
39 56
39 57
39 58
39 65
39 66
39 67
39 68
39 69
39 70
39 71
39 72
39 73
39 74
39 75
39 76
39 77
39 78
39 79
39 80
39 81
39 82
39 83
39 84
39 85
39 124
39 125
39 126
39 127
39 128
39 129
39 130
39 131
39 132
39 133
40 14
40 15
40 16
40 17
40 18
40 19
40 20
40 21
40 22
40 23
40 24
40 25
40 26
40 41
40 42
40 43
40 44
40 45
40 46
40 47
40 48
40 49
40 50
40 51
40 52
40 53
40 54
40 55
40 56
40 57
40 65
40 66
40 67
40 68
40 69
40 70
40 71
40 72
40 73
40 74
40 75
40 76
40 77
40 78
40 79
40 80
40 81
40 82
40 83
40 84
40 85
40 124
40 125
40 126
40 127
40 128
40 129
40 130
40 131
40 132
40 133
41 15
41 16
41 17
41 18
41 19
41 20
41 21
41 22
41 23
41 24
41 25
41 41
41 42
41 43
41 44
41 45
41 46
41 47
41 48
41 49
41 50
41 51
41 52
41 53
41 54
41 55
41 56
41 57
41 65
41 66
41 67
41 68
41 69
41 70
41 71
41 72
41 73
41 74
41 75
41 76
41 77
41 78
41 79
41 80
41 81
41 82
41 83
41 84
41 85
41 86
41 123
41 124
41 125
41 126
41 127
41 128
41 129
41 130
41 131
41 132
41 133
42 16
42 17
42 18
42 19
42 20
42 21
42 22
42 23
42 24
42 41
42 42
42 43
42 44
42 45
42 46
42 47
42 48
42 49
42 50
42 51
42 52
42 53
42 54
42 55
42 56
42 65
42 66
42 67
42 68
42 69
42 70
42 71
42 72
42 73
42 74
42 75
42 76
42 77
42 78
42 79
42 80
42 81
42 82
42 83
42 84
42 85
42 86
42 87
42 88
42 89
42 90
42 91
42 123
42 124
42 125
42 126
42 127
42 128
42 129
42 130
42 131
42 132
42 133
43 17
43 18
43 19
43 20
43 21
43 22
43 23
43 41
43 42
43 43
43 44
43 45
43 46
43 47
43 48
43 49
43 50
43 51
43 52
43 53
43 54
43 55
43 65
43 66
43 67
43 68
43 69
43 70
43 71
43 72
43 73
43 74
43 75
43 76
43 77
43 78
43 79
43 80
43 81
43 82
43 83
43 84
43 85
43 86
43 87
43 88
43 89
43 90
43 91
43 92
43 93
43 94
43 95
43 96
43 97
43 123
43 124
43 125
43 126
43 127
43 128
43 129
43 130
43 131
43 132
43 133
44 18
44 19
44 20
44 21
44 22
44 46
44 47
44 48
44 49
44 50
44 51
44 52
44 53
44 54
44 55
44 65
44 66
44 67
44 68
44 69
44 70
44 71
44 72
44 73
44 74
44 75
44 76
44 77
44 78
44 79
44 80
44 81
44 82
44 83
44 84
44 85
44 86
44 87
44 88
44 89
44 90
44 91
44 92
44 93
44 94
44 95
44 96
44 97
44 98
44 99
44 100
44 101
44 102
44 103
44 122
44 123
44 124
44 125
44 126
44 127
44 128
44 129
44 130
44 131
44 132
44 133
45 19
45 20
45 21
45 50
45 51
45 52
45 53
45 54
45 65
45 66
45 67
45 68
45 69
45 70
45 71
45 72
45 73
45 74
45 75
45 76
45 77
45 78
45 79
45 80
45 81
45 82
45 83
45 84
45 85
45 86
45 87
45 88
45 89
45 90
45 91
45 92
45 93
45 94
45 95
45 96
45 97
45 98
45 99
45 100
45 101
45 102
45 103
45 104
45 105
45 106
45 107
45 108
45 109
45 122
45 123
45 124
45 125
45 126
45 127
45 128
45 129
45 130
45 131
45 132
45 133
46 20
46 54
46 65
46 66
46 67
46 68
46 69
46 70
46 71
46 72
46 73
46 74
46 75
46 76
46 77
46 78
46 79
46 80
46 81
46 82
46 83
46 84
46 85
46 86
46 87
46 88
46 89
46 90
46 91
46 92
46 93
46 94
46 95
46 96
46 97
46 98
46 99
46 100
46 101
46 102
46 103
46 104
46 105
46 106
46 107
46 108
46 109
46 110
46 111
46 112
46 113
46 114
46 115
46 122
46 123
46 124
46 125
46 126
46 127
46 128
46 129
46 130
46 131
46 132
46 133
47 20
47 65
47 66
47 67
47 68
47 69
47 70
47 71
47 72
47 73
47 74
47 75
47 76
47 77
47 78
47 79
47 80
47 81
47 82
47 83
47 84
47 85
47 86
47 87
47 88
47 89
47 90
47 91
47 92
47 93
47 94
47 95
47 96
47 97
47 98
47 99
47 100
47 101
47 102
47 103
47 104
47 105
47 106
47 107
47 108
47 109
47 110
47 111
47 112
47 113
47 114
47 115
47 116
47 117
47 118
47 119
47 120
47 121
47 122
47 123
47 124
47 125
47 126
47 127
47 128
47 129
47 130
47 131
47 132
47 133
48 65
48 66
48 67
48 68
48 69
48 70
48 71
48 72
48 73
48 74
48 75
48 76
48 77
48 78
48 79
48 80
48 81
48 82
48 83
48 84
48 85
48 86
48 87
48 88
48 89
48 90
48 91
48 92
48 93
48 94
48 95
48 96
48 97
48 98
48 99
48 100
48 101
48 102
48 103
48 104
48 105
48 106
48 107
48 108
48 109
48 110
48 111
48 112
48 113
48 114
48 115
48 116
48 117
48 118
48 119
48 120
48 121
48 122
48 123
48 124
48 125
48 126
48 127
48 128
48 129
48 130
48 131
48 132
48 133
49 65
49 66
49 67
49 68
49 69
49 70
49 71
49 72
49 73
49 74
49 75
49 76
49 77
49 78
49 79
49 80
49 81
49 82
49 83
49 84
49 85
49 86
49 87
49 88
49 89
49 90
49 91
49 92
49 93
49 94
49 95
49 96
49 97
49 98
49 99
49 100
49 101
49 102
49 103
49 104
49 105
49 106
49 107
49 108
49 109
49 110
49 111
49 112
49 113
49 114
49 115
49 116
49 117
49 118
49 119
49 120
49 121
49 122
49 123
49 124
49 125
49 126
49 127
49 128
49 129
49 130
49 131
49 132
49 133
50 65
50 66
50 67
50 68
50 69
50 70
50 71
50 72
50 73
50 74
50 75
50 76
50 77
50 78
50 79
50 80
50 81
50 82
50 83
50 84
50 85
50 86
50 87
50 88
50 89
50 90
50 91
50 92
50 93
50 94
50 95
50 96
50 97
50 98
50 99
50 100
50 101
50 102
50 103
50 104
50 105
50 106
50 107
50 108
50 109
50 110
50 111
50 112
50 113
50 114
50 115
50 116
50 117
50 118
50 119
50 120
50 121
50 122
50 123
50 124
50 125
50 126
50 127
50 128
50 129
50 130
50 131
50 132
50 133
51 65
51 66
51 67
51 68
51 69
51 70
51 71
51 72
51 73
51 74
51 75
51 76
51 77
51 78
51 79
51 80
51 81
51 82
51 83
51 84
51 85
51 86
51 87
51 88
51 89
51 90
51 91
51 92
51 93
51 94
51 95
51 96
51 97
51 98
51 99
51 100
51 101
51 102
51 103
51 104
51 105
51 106
51 107
51 108
51 109
51 110
51 111
51 112
51 113
51 114
51 115
51 116
51 117
51 118
51 119
51 120
51 121
51 122
51 123
51 124
51 125
51 126
51 127
51 128
51 129
51 130
51 131
51 132
51 133
52 64
52 65
52 66
52 67
52 68
52 69
52 70
52 71
52 72
52 73
52 74
52 75
52 76
52 77
52 78
52 79
52 80
52 81
52 82
52 83
52 84
52 85
52 86
52 87
52 88
52 89
52 90
52 91
52 92
52 93
52 94
52 95
52 96
52 97
52 98
52 99
52 100
52 101
52 102
52 103
52 104
52 105
52 106
52 107
52 108
52 109
52 110
52 111
52 112
52 113
52 114
52 115
52 116
52 117
52 118
52 119
52 120
52 121
52 122
52 123
52 124
52 125
52 126
52 127
52 128
52 129
52 130
52 131
52 132
52 133
53 64
53 65
53 66
53 67
53 68
53 69
53 70
53 71
53 72
53 73
53 74
53 75
53 76
53 77
53 78
53 79
53 80
53 81
53 82
53 83
53 84
53 85
53 86
53 87
53 88
53 89
53 90
53 91
53 92
53 93
53 94
53 95
53 96
53 97
53 98
53 99
53 100
53 101
53 102
53 103
53 104
53 105
53 106
53 107
53 108
53 109
53 110
53 111
53 112
53 113
53 114
53 115
53 116
53 117
53 118
53 119
53 120
53 121
53 122
53 123
53 124
53 125
53 126
53 127
53 128
53 129
53 130
53 131
53 132
53 133
54 18
54 63
54 64
54 65
54 66
54 67
54 68
54 69
54 70
54 71
54 72
54 73
54 74
54 75
54 76
54 77
54 78
54 79
54 80
54 81
54 82
54 83
54 84
54 85
54 86
54 87
54 88
54 89
54 90
54 91
54 92
54 93
54 94
54 95
54 96
54 97
54 98
54 99
54 100
54 101
54 102
54 103
54 104
54 105
54 106
54 107
54 108
54 109
54 110
54 111
54 112
54 113
54 114
54 115
54 116
54 117
54 118
54 119
54 120
54 121
54 122
54 123
54 124
54 125
54 126
54 127
54 128
54 129
54 130
54 131
54 132
54 133
55 18
55 19
55 63
55 64
55 65
55 66
55 67
55 68
55 69
55 70
55 71
55 72
55 73
55 74
55 75
55 76
55 77
55 78
55 79
55 80
55 81
55 82
55 83
55 84
55 85
55 86
55 87
55 88
55 89
55 90
55 91
55 92
55 93
55 94
55 95
55 96
55 97
55 98
55 99
55 100
55 101
55 102
55 103
55 104
55 105
55 106
55 107
55 108
55 109
55 110
55 111
55 112
55 113
55 114
55 115
55 116
55 117
55 118
55 119
55 120
55 121
55 122
55 123
55 124
55 125
55 126
55 127
55 128
55 129
55 130
55 131
55 132
55 133
56 17
56 18
56 19
56 20
56 21
56 62
56 63
56 64
56 65
56 66
56 67
56 68
56 69
56 70
56 71
56 72
56 73
56 74
56 75
56 76
56 77
56 78
56 79
56 80
56 81
56 82
56 83
56 84
56 85
56 86
56 87
56 88
56 89
56 90
56 91
56 92
56 93
56 94
56 95
56 96
56 97
56 98
56 99
56 100
56 101
56 102
56 103
56 104
56 105
56 106
56 107
56 108
56 109
56 110
56 111
56 112
56 113
56 114
56 115
56 116
56 117
56 118
56 119
56 120
56 121
56 122
56 123
56 124
56 125
56 126
56 127
56 128
56 129
56 130
56 131
56 132
56 133
57 17
57 18
57 19
57 20
57 21
57 22
57 62
57 63
57 64
57 65
57 66
57 67
57 68
57 69
57 70
57 71
57 72
57 73
57 74
57 75
57 76
57 77
57 78
57 79
57 80
57 81
57 82
57 83
57 84
57 85
57 86
57 87
57 88
57 89
57 90
57 91
57 92
57 93
57 94
57 95
57 96
57 97
57 98
57 99
57 100
57 101
57 102
57 103
57 104
57 105
57 106
57 107
57 108
57 109
57 110
57 111
57 112
57 113
57 114
57 115
57 116
57 117
57 118
57 119
57 120
57 121
57 122
57 123
57 124
57 125
57 126
57 127
57 128
57 129
57 130
57 131
57 132
57 133
58 16
58 17
58 18
58 19
58 20
58 21
58 22
58 23
58 24
58 61
58 62
58 63
58 64
58 65
58 66
58 67
58 68
58 69
58 70
58 71
58 72
58 73
58 74
58 75
58 76
58 77
58 78
58 79
58 80
58 81
58 82
58 83
58 84
58 85
58 86
58 87
58 88
58 89
58 90
58 91
58 92
58 93
58 94
58 95
58 96
58 97
58 98
58 99
58 100
58 101
58 102
58 103
58 104
58 105
58 106
58 107
58 108
58 109
58 110
58 111
58 112
58 113
58 114
58 115
58 116
58 117
58 118
58 119
58 120
58 121
58 122
58 123
58 124
58 125
58 126
58 127
58 128
58 129
58 130
58 131
58 132
58 133
59 16
59 17
59 18
59 19
59 20
59 21
59 22
59 23
59 24
59 25
59 61
59 62
59 63
59 64
59 65
59 66
59 67
59 68
59 69
59 70
59 71
59 72
59 73
59 74
59 75
59 76
59 77
59 78
59 79
59 80
59 81
59 90
59 91
59 92
59 93
59 94
59 95
59 96
59 97
59 98
59 99
59 100
59 101
59 102
59 103
59 104
59 105
59 106
59 107
59 108
59 109
59 110
59 111
59 112
59 113
59 114
59 115
59 116
59 117
59 118
59 119
59 120
59 121
59 122
59 123
59 124
59 125
59 126
59 127
59 128
59 129
59 130
59 131
59 132
59 133
60 15
60 16
60 17
60 18
60 19
60 20
60 21
60 22
60 23
60 24
60 25
60 26
60 27
60 60
60 61
60 62
60 63
60 64
60 65
60 66
60 67
60 68
60 69
60 70
60 71
60 72
60 73
60 74
60 75
60 76
60 77
60 78
60 79
60 80
60 98
60 99
60 100
60 101
60 102
60 103
60 104
60 105
60 106
60 107
60 108
60 109
60 110
60 111
60 112
60 113
60 114
60 115
60 116
60 117
60 118
60 119
60 120
60 121
60 122
60 123
60 124
60 125
60 126
60 127
60 128
60 129
60 130
60 131
60 132
60 133
61 14
61 15
61 16
61 17
61 18
61 19
61 20
61 21
61 22
61 23
61 24
61 25
61 26
61 27
61 28
61 60
61 61
61 62
61 63
61 64
61 65
61 66
61 67
61 68
61 69
61 70
61 71
61 72
61 73
61 74
61 75
61 76
61 77
61 78
61 79
61 80
61 103
61 104
61 105
61 106
61 107
61 108
61 109
61 110
61 111
61 112
61 113
61 114
61 115
61 116
61 117
61 118
61 119
61 120
61 121
61 122
61 123
61 124
61 125
61 126
61 127
61 128
61 129
61 130
61 131
61 132
61 133
62 14
62 15
62 16
62 17
62 18
62 19
62 20
62 21
62 22
62 23
62 24
62 25
62 26
62 27
62 28
62 29
62 30
62 59
62 60
62 61
62 62
62 63
62 64
62 65
62 66
62 67
62 68
62 69
62 70
62 71
62 72
62 73
62 74
62 75
62 76
62 77
62 78
62 79
62 108
62 109
62 110
62 111
62 112
62 113
62 114
62 115
62 116
62 117
62 118
62 119
62 120
62 121
62 122
62 123
62 124
62 125
62 126
62 127
62 128
62 129
62 130
62 131
62 132
62 133
63 13
63 14
63 15
63 16
63 17
63 18
63 19
63 20
63 21
63 22
63 23
63 24
63 25
63 26
63 27
63 28
63 29
63 30
63 31
63 32
63 59
63 60
63 61
63 62
63 63
63 64
63 65
63 66
63 67
63 68
63 69
63 70
63 71
63 72
63 73
63 74
63 75
63 76
63 77
63 78
63 79
63 112
63 113
63 114
63 115
63 116
63 117
63 118
63 119
63 120
63 121
63 122
63 123
63 124
63 125
63 126
63 127
63 128
63 129
63 130
63 131
63 132
63 133
64 13
64 14
64 15
64 16
64 17
64 18
64 19
64 20
64 21
64 22
64 23
64 24
64 25
64 26
64 27
64 28
64 29
64 30
64 31
64 32
64 33
64 34
64 35
64 58
64 59
64 60
64 61
64 62
64 63
64 64
64 65
64 66
64 67
64 68
64 69
64 70
64 71
64 72
64 73
64 74
64 75
64 76
64 77
64 78
64 117
64 118
64 119
64 120
64 121
64 122
64 123
64 124
64 125
64 126
64 127
64 128
64 129
64 130
64 131
64 132
64 133
65 12
65 13
65 14
65 15
65 16
65 17
65 18
65 19
65 20
65 21
65 22
65 23
65 24
65 25
65 26
65 27
65 28
65 29
65 30
65 31
65 32
65 33
65 34
65 35
65 36
65 37
65 58
65 59
65 60
65 61
65 62
65 63
65 64
65 65
65 66
65 67
65 68
65 69
65 70
65 71
65 72
65 73
65 74
65 75
65 76
65 77
65 121
65 122
65 123
65 124
65 125
65 126
65 127
65 128
65 129
65 130
65 131
65 132
65 133
66 11
66 12
66 13
66 14
66 15
66 16
66 17
66 18
66 19
66 20
66 21
66 22
66 23
66 24
66 25
66 26
66 27
66 28
66 29
66 30
66 31
66 32
66 33
66 34
66 35
66 36
66 37
66 38
66 39
66 40
66 57
66 58
66 59
66 60
66 61
66 62
66 63
66 64
66 65
66 66
66 67
66 68
66 69
66 70
66 71
66 72
66 73
66 74
66 75
66 76
66 77
66 133
67 11
67 12
67 13
67 14
67 15
67 16
67 17
67 18
67 19
67 20
67 21
67 22
67 23
67 24
67 25
67 26
67 27
67 28
67 29
67 30
67 31
67 32
67 33
67 34
67 35
67 36
67 37
67 38
67 39
67 40
67 41
67 42
67 57
67 58
67 59
67 60
67 61
67 62
67 63
67 64
67 65
67 66
67 67
67 68
67 69
67 70
67 71
67 72
67 73
67 74
67 75
67 76
68 10
68 11
68 12
68 13
68 14
68 15
68 16
68 17
68 18
68 19
68 20
68 21
68 22
68 23
68 24
68 25
68 26
68 27
68 28
68 29
68 30
68 31
68 32
68 33
68 34
68 35
68 36
68 37
68 38
68 39
68 40
68 41
68 42
68 43
68 44
68 45
68 56
68 57
68 58
68 59
68 60
68 61
68 62
68 63
68 64
68 65
68 66
68 67
68 68
68 69
68 70
68 71
68 72
68 73
68 74
68 75
68 76
69 10
69 11
69 12
69 13
69 14
69 15
69 16
69 17
69 18
69 19
69 20
69 21
69 22
69 23
69 24
69 25
69 26
69 27
69 28
69 29
69 30
69 31
69 32
69 33
69 34
69 35
69 36
69 37
69 38
69 39
69 40
69 41
69 42
69 43
69 44
69 45
69 46
69 47
69 48
69 49
69 50
69 56
69 57
69 58
69 59
69 60
69 61
69 62
69 63
69 64
69 65
69 66
69 67
69 68
69 69
69 70
69 71
69 72
69 73
69 74
69 75
70 9
70 10
70 11
70 12
70 13
70 14
70 15
70 16
70 17
70 18
70 19
70 20
70 21
70 22
70 23
70 24
70 25
70 26
70 27
70 28
70 29
70 30
70 31
70 32
70 33
70 34
70 35
70 36
70 37
70 38
70 39
70 40
70 41
70 42
70 43
70 44
70 45
70 46
70 47
70 48
70 49
70 50
70 51
70 52
70 53
70 54
70 55
70 56
70 57
70 58
70 59
70 60
70 61
70 62
70 63
70 64
70 65
70 66
70 67
70 68
70 69
70 70
70 71
70 72
70 73
70 74
71 8
71 9
71 10
71 11
71 12
71 13
71 14
71 15
71 16
71 17
71 18
71 19
71 20
71 21
71 22
71 23
71 24
71 25
71 26
71 27
71 28
71 29
71 30
71 31
71 32
71 33
71 34
71 35
71 36
71 37
71 38
71 39
71 40
71 41
71 42
71 43
71 44
71 45
71 46
71 47
71 48
71 49
71 50
71 51
71 52
71 53
71 54
71 55
71 56
71 57
71 58
71 59
71 60
71 61
71 62
71 63
71 64
71 65
71 66
71 67
71 68
71 69
71 70
71 71
71 72
71 73
71 74
72 8
72 9
72 10
72 11
72 12
72 13
72 14
72 15
72 16
72 17
72 18
72 19
72 20
72 21
72 22
72 23
72 24
72 25
72 26
72 27
72 28
72 29
72 30
72 31
72 32
72 33
72 34
72 35
72 36
72 37
72 38
72 39
72 40
72 41
72 42
72 43
72 44
72 45
72 46
72 47
72 48
72 49
72 50
72 51
72 52
72 53
72 54
72 55
72 56
72 57
72 58
72 59
72 60
72 61
72 62
72 63
72 64
72 65
72 66
72 67
72 68
72 69
72 70
72 71
72 72
72 73
73 7
73 8
73 9
73 10
73 11
73 12
73 13
73 14
73 15
73 16
73 17
73 18
73 19
73 20
73 21
73 22
73 23
73 24
73 25
73 26
73 27
73 28
73 29
73 30
73 31
73 32
73 33
73 34
73 35
73 36
73 37
73 38
73 39
73 40
73 41
73 42
73 43
73 44
73 45
73 46
73 47
73 48
73 49
73 50
73 51
73 52
73 53
73 54
73 55
73 56
73 57
73 58
73 59
73 60
73 61
73 62
73 63
73 64
73 65
73 66
73 67
73 68
73 69
73 70
73 71
73 72
73 73
74 7
74 8
74 9
74 10
74 11
74 12
74 13
74 14
74 15
74 16
74 17
74 18
74 19
74 20
74 21
74 22
74 23
74 24
74 25
74 26
74 27
74 28
74 29
74 30
74 31
74 32
74 33
74 34
74 35
74 36
74 37
74 38
74 39
74 40
74 41
74 42
74 43
74 44
74 45
74 46
74 47
74 48
74 49
74 50
74 51
74 52
74 53
74 54
74 55
74 56
74 57
74 58
74 59
74 60
74 61
74 62
74 63
74 64
74 65
74 66
74 67
74 68
74 69
74 70
74 71
74 72
75 6
75 7
75 8
75 9
75 10
75 11
75 12
75 13
75 14
75 15
75 16
75 17
75 18
75 19
75 20
75 21
75 22
75 23
75 24
75 25
75 26
75 27
75 28
75 29
75 30
75 31
75 32
75 33
75 34
75 35
75 36
75 37
75 38
75 39
75 40
75 41
75 42
75 43
75 44
75 45
75 46
75 47
75 48
75 49
75 50
75 51
75 52
75 53
75 54
75 55
75 56
75 57
75 58
75 59
75 60
75 61
75 62
75 63
75 64
75 65
75 66
75 67
75 68
75 69
75 70
75 71
75 72
76 5
76 6
76 7
76 8
76 9
76 10
76 11
76 12
76 13
76 14
76 15
76 16
76 17
76 18
76 19
76 20
76 21
76 22
76 27
76 28
76 29
76 30
76 31
76 32
76 33
76 34
76 35
76 36
76 37
76 38
76 39
76 40
76 41
76 42
76 43
76 44
76 45
76 46
76 47
76 48
76 49
76 50
76 51
76 52
76 53
76 54
76 55
76 56
76 57
76 58
76 59
76 60
76 61
76 62
76 63
76 64
76 65
76 66
76 67
76 68
76 69
76 70
77 7
77 8
77 9
77 10
77 11
77 12
77 13
77 14
77 15
77 16
77 17
77 18
77 19
77 20
77 21
77 29
77 30
77 31
77 32
77 33
77 34
77 35
77 36
77 37
77 38
77 39
77 40
77 41
77 42
77 43
77 44
77 45
77 46
77 47
77 48
77 49
77 50
77 51
77 52
77 53
77 54
77 55
77 56
77 57
77 58
77 59
77 60
77 61
77 62
77 63
77 64
77 65
77 66
77 67
77 68
78 8
78 9
78 10
78 11
78 12
78 13
78 14
78 15
78 16
78 17
78 18
78 19
78 20
78 31
78 32
78 33
78 34
78 35
78 36
78 37
78 38
78 39
78 40
78 41
78 42
78 43
78 44
78 45
78 46
78 47
78 48
78 49
78 50
78 51
78 52
78 53
78 54
78 55
78 56
78 57
78 58
78 59
78 60
78 61
78 62
78 63
78 64
78 65
78 66
78 67
79 10
79 11
79 12
79 13
79 14
79 15
79 16
79 17
79 18
79 19
79 33
79 34
79 35
79 36
79 37
79 38
79 39
79 40
79 41
79 42
79 43
79 44
79 45
79 46
79 47
79 48
79 49
79 50
79 51
79 52
79 53
79 54
79 55
79 56
79 57
79 58
79 59
79 60
79 61
79 62
79 63
79 64
79 65
80 11
80 12
80 13
80 14
80 15
80 16
80 17
80 18
80 35
80 36
80 37
80 38
80 39
80 40
80 41
80 42
80 43
80 44
80 45
80 46
80 47
80 48
80 49
80 50
80 51
80 52
80 53
80 54
80 55
80 56
80 57
80 58
80 59
80 60
80 61
80 62
80 63
80 64
81 13
81 14
81 15
81 16
81 17
81 37
81 38
81 39
81 40
81 41
81 42
81 43
81 44
81 45
81 46
81 47
81 48
81 49
81 50
81 51
81 52
81 53
81 54
81 55
81 56
81 57
81 58
81 59
81 60
81 61
81 62
82 14
82 15
82 16
82 40
82 41
82 42
82 43
82 44
82 45
82 46
82 47
82 48
82 49
82 50
82 51
82 52
82 53
82 54
82 55
82 56
82 57
82 58
82 59
82 60
82 61
83 15
83 42
83 43
83 44
83 45
83 46
83 47
83 48
83 49
83 50
83 51
83 52
83 53
83 54
83 55
83 56
83 57
83 58
83 59
84 44
84 45
84 46
84 47
84 48
84 49
84 50
84 51
84 52
84 53
84 54
84 55
84 56
84 57
84 58
85 46
85 47
85 48
85 49
85 50
85 51
85 52
85 53
85 54
85 55
85 56
86 48
86 49
86 50
86 51
86 52
86 53
86 54
86 55
87 50
87 51
87 52
87 53
88 52
